1	11.000000
3	6.000000
5	13.000000
7	7.000000
9	8.000000
11	10.000000
13	8.000000
15	8.000000
17	10.000000
19	6.000000
21	10.000000
23	10.000000
25	7.000000
27	8.000000
29	15.000000
31	11.000000
33	8.000000
35	11.000000
37	12.000000
39	8.000000
41	11.000000
43	9.000000
45	4.000000
47	13.000000
49	15.000000
51	6.000000
53	12.000000
55	5.000000
57	8.000000
59	8.000000
61	6.000000
63	11.000000
65	11.000000
67	17.000000
69	10.000000
71	12.000000
73	14.000000
75	11.000000
77	10.000000
79	12.000000
81	14.000000
83	15.000000
85	9.000000
87	11.000000
89	9.000000
91	9.000000
93	13.000000
95	9.000000
97	12.000000
99	12.000000
101	11.000000
103	6.000000
105	13.000000
107	10.000000
109	14.000000
111	11.000000
113	12.000000
115	14.000000
117	7.000000
119	12.000000
121	11.000000
123	12.000000
125	12.000000
127	11.000000
129	13.000000
131	17.000000
133	17.000000
135	13.000000
137	14.000000
139	6.000000
141	13.000000
143	15.000000
145	13.000000
147	13.000000
149	10.000000
151	15.000000
153	15.000000
155	9.000000
157	20.000000
159	15.000000
161	12.000000
163	22.000000
165	12.000000
167	19.000000
169	17.000000
171	17.000000
173	15.000000
175	13.000000
177	19.000000
179	13.000000
181	21.000000
183	14.000000
185	18.000000
187	16.000000
189	20.000000
191	19.000000
193	18.000000
195	20.000000
197	24.000000
199	24.000000
201	22.000000
203	22.000000
205	15.000000
207	11.000000
209	28.000000
211	17.000000
213	24.000000
215	21.000000
217	26.000000
219	17.000000
221	22.000000
223	18.000000
225	30.000000
227	28.000000
229	20.000000
231	21.000000
233	20.000000
235	29.000000
237	22.000000
239	26.000000
241	32.000000
243	30.000000
245	32.000000
247	19.000000
249	24.000000
251	23.000000
253	20.000000
255	33.000000
257	32.000000
259	28.000000
261	36.000000
263	28.000000
265	26.000000
267	35.000000
269	33.000000
271	37.000000
273	36.000000
275	40.000000
277	28.000000
279	35.000000
281	34.000000
283	28.000000
285	37.000000
287	32.000000
289	34.000000
291	32.000000
293	39.000000
295	29.000000
297	36.000000
299	44.000000
301	36.000000
303	40.000000
305	41.000000
307	41.000000
309	44.000000
311	43.000000
313	35.000000
315	43.000000
317	27.000000
319	45.000000
321	48.000000
323	46.000000
325	49.000000
327	35.000000
329	46.000000
331	43.000000
333	38.000000
335	55.000000
337	46.000000
339	53.000000
341	43.000000
343	57.000000
345	47.000000
347	52.000000
349	53.000000
351	57.000000
353	56.000000
355	53.000000
357	48.000000
359	79.000000
361	60.000000
363	58.000000
365	75.000000
367	76.000000
369	54.000000
371	71.000000
373	76.000000
375	55.000000
377	70.000000
379	65.000000
381	75.000000
383	60.000000
385	72.000000
387	96.000000
389	88.000000
391	77.000000
393	72.000000
395	98.000000
397	79.000000
399	98.000000
401	112.000000
403	110.000000
405	120.000000
407	103.000000
409	126.000000
411	123.000000
413	130.000000
415	119.000000
417	129.000000
419	132.000000
421	131.000000
423	164.000000
425	152.000000
427	151.000000
429	201.000000
431	200.000000
433	192.000000
435	216.000000
437	181.000000
439	212.000000
441	217.000000
443	209.000000
445	231.000000
447	216.000000
449	261.000000
451	278.000000
453	283.000000
455	272.000000
457	297.000000
459	318.000000
461	341.000000
463	373.000000
465	354.000000
467	414.000000
469	418.000000
471	443.000000
473	416.000000
475	473.000000
477	464.000000
479	508.000000
481	539.000000
483	578.000000
485	579.000000
487	636.000000
489	616.000000
491	726.000000
493	744.000000
495	746.000000
497	803.000000
499	823.000000
501	806.000000
503	813.000000
505	881.000000
507	974.000000
509	968.000000
511	1032.000000
513	1061.000000
515	1045.000000
517	1116.000000
519	1102.000000
521	1215.000000
523	1224.000000
525	1269.000000
527	1286.000000
529	1361.000000
531	1333.000000
533	1440.000000
535	1468.000000
537	1405.000000
539	1519.000000
541	1551.000000
543	1608.000000
545	1643.000000
547	1667.000000
549	1659.000000
551	1668.000000
553	1704.000000
555	1817.000000
557	1817.000000
559	1849.000000
561	1799.000000
563	1857.000000
565	1799.000000
567	1881.000000
569	1892.000000
571	1911.000000
573	1982.000000
575	1995.000000
577	1973.000000
579	2020.000000
581	1927.000000
583	1887.000000
585	2018.000000
587	1970.000000
589	1969.000000
591	1991.000000
593	1938.000000
595	1984.000000
597	1971.000000
599	1955.000000
601	1938.000000
603	1961.000000
605	1917.000000
607	1989.000000
609	1933.000000
611	2012.000000
613	1963.000000
615	1948.000000
617	1962.000000
619	1882.000000
621	1889.000000
623	1890.000000
625	1873.000000
627	1861.000000
629	1951.000000
631	1886.000000
633	1795.000000
635	1699.000000
637	1774.000000
639	1696.000000
641	1730.000000
643	1805.000000
645	1809.000000
647	1733.000000
649	1768.000000
651	1707.000000
653	1681.000000
655	1770.000000
657	1656.000000
659	1694.000000
661	1633.000000
663	1734.000000
665	1564.000000
667	1605.000000
669	1551.000000
671	1561.000000
673	1657.000000
675	1566.000000
677	1580.000000
679	1572.000000
681	1522.000000
683	1519.000000
685	1553.000000
687	1445.000000
689	1471.000000
691	1475.000000
693	1423.000000
695	1409.000000
697	1514.000000
699	1394.000000
701	1451.000000
703	1414.000000
705	1412.000000
707	1402.000000
709	1388.000000
711	1398.000000
713	1421.000000
715	1365.000000
717	1396.000000
719	1332.000000
721	1385.000000
723	1300.000000
725	1301.000000
727	1261.000000
729	1288.000000
731	1298.000000
733	1263.000000
735	1300.000000
737	1288.000000
739	1259.000000
741	1247.000000
743	1259.000000
745	1254.000000
747	1320.000000
749	1253.000000
751	1274.000000
753	1299.000000
755	1220.000000
757	1265.000000
759	1275.000000
761	1233.000000
763	1198.000000
765	1112.000000
767	1304.000000
769	1172.000000
771	1194.000000
773	1211.000000
775	1163.000000
777	1209.000000
779	1141.000000
781	1160.000000
783	1172.000000
785	1211.000000
787	1168.000000
789	1137.000000
791	1192.000000
793	1137.000000
795	1129.000000
797	1111.000000
799	1153.000000
801	1106.000000
803	1077.000000
805	1143.000000
807	1118.000000
809	1109.000000
811	1100.000000
813	1133.000000
815	1089.000000
817	1158.000000
819	1118.000000
821	1125.000000
823	1183.000000
825	1060.000000
827	1068.000000
829	1062.000000
831	1029.000000
833	1088.000000
835	1084.000000
837	1054.000000
839	1094.000000
841	1095.000000
843	1085.000000
845	1054.000000
847	1001.000000
849	1070.000000
851	1023.000000
853	1073.000000
855	1045.000000
857	1000.000000
859	1135.000000
861	1134.000000
863	1170.000000
865	1063.000000
867	1063.000000
869	1079.000000
871	1051.000000
873	1052.000000
875	1012.000000
877	1036.000000
879	1051.000000
881	1054.000000
883	1057.000000
885	1026.000000
887	1039.000000
889	980.000000
891	1000.000000
893	1063.000000
895	1062.000000
897	1021.000000
899	1047.000000
901	1025.000000
903	984.000000
905	1036.000000
907	1018.000000
909	1052.000000
911	977.000000
913	1044.000000
915	998.000000
917	955.000000
919	1026.000000
921	1045.000000
923	1075.000000
925	1063.000000
927	1075.000000
929	1019.000000
931	999.000000
933	1051.000000
935	1025.000000
937	1019.000000
939	1030.000000
941	1016.000000
943	996.000000
945	968.000000
947	970.000000
949	1013.000000
951	1002.000000
953	978.000000
955	983.000000
957	1000.000000
959	971.000000
961	997.000000
963	1019.000000
965	1014.000000
967	989.000000
969	1069.000000
971	954.000000
973	943.000000
975	1059.000000
977	976.000000
979	947.000000
981	988.000000
983	971.000000
985	967.000000
987	1006.000000
989	982.000000
991	1012.000000
993	1004.000000
995	1025.000000
997	990.000000
999	1064.000000
1001	940.000000
1003	955.000000
1005	1015.000000
1007	964.000000
1009	990.000000
1011	985.000000
1013	977.000000
1015	969.000000
1017	963.000000
1019	1018.000000
1021	976.000000
1023	1028.000000
1025	965.000000
1027	945.000000
1029	960.000000
1031	976.000000
1033	974.000000
1035	958.000000
1037	980.000000
1039	946.000000
1041	946.000000
1043	1026.000000
1045	974.000000
1047	979.000000
1049	957.000000
1051	1020.000000
1053	978.000000
1055	1025.000000
1057	933.000000
1059	978.000000
1061	935.000000
1063	927.000000
1065	976.000000
1067	988.000000
1069	1004.000000
1071	992.000000
1073	993.000000
1075	1035.000000
1077	1038.000000
1079	1000.000000
1081	967.000000
1083	974.000000
1085	989.000000
1087	1093.000000
1089	969.000000
1091	1033.000000
1093	1030.000000
1095	949.000000
1097	979.000000
1099	948.000000
1101	1011.000000
1103	1017.000000
1105	1027.000000
1107	942.000000
1109	950.000000
1111	998.000000
1113	967.000000
1115	994.000000
1117	995.000000
1119	963.000000
1121	970.000000
1123	982.000000
1125	1012.000000
1127	1039.000000
1129	961.000000
1131	1017.000000
1133	992.000000
1135	1038.000000
1137	940.000000
1139	946.000000
1141	956.000000
1143	1000.000000
1145	1002.000000
1147	1011.000000
1149	1007.000000
1151	959.000000
1153	951.000000
1155	1024.000000
1157	960.000000
1159	971.000000
1161	978.000000
1163	963.000000
1165	979.000000
1167	968.000000
1169	992.000000
1171	995.000000
1173	971.000000
1175	970.000000
1177	960.000000
1179	919.000000
1181	993.000000
1183	905.000000
1185	961.000000
1187	932.000000
1189	961.000000
1191	880.000000
1193	877.000000
1195	939.000000
1197	904.000000
1199	931.000000
1201	917.000000
1203	904.000000
1205	896.000000
1207	949.000000
1209	867.000000
1211	862.000000
1213	854.000000
1215	873.000000
1217	845.000000
1219	827.000000
1221	805.000000
1223	800.000000
1225	857.000000
1227	810.000000
1229	808.000000
1231	772.000000
1233	762.000000
1235	838.000000
1237	767.000000
1239	810.000000
1241	754.000000
1243	798.000000
1245	755.000000
1247	705.000000
1249	704.000000
1251	725.000000
1253	713.000000
1255	695.000000
1257	695.000000
1259	661.000000
1261	658.000000
1263	654.000000
1265	696.000000
1267	633.000000
1269	669.000000
1271	623.000000
1273	624.000000
1275	612.000000
1277	598.000000
1279	632.000000
1281	583.000000
1283	590.000000
1285	608.000000
1287	581.000000
1289	542.000000
1291	533.000000
1293	574.000000
1295	583.000000
1297	560.000000
1299	546.000000
1301	542.000000
1303	552.000000
1305	518.000000
1307	522.000000
1309	497.000000
1311	487.000000
1313	537.000000
1315	506.000000
1317	509.000000
1319	495.000000
1321	479.000000
1323	466.000000
1325	473.000000
1327	466.000000
1329	492.000000
1331	440.000000
1333	423.000000
1335	443.000000
1337	458.000000
1339	441.000000
1341	450.000000
1343	384.000000
1345	480.000000
1347	438.000000
1349	411.000000
1351	428.000000
1353	411.000000
1355	447.000000
1357	381.000000
1359	423.000000
1361	402.000000
1363	396.000000
1365	448.000000
1367	382.000000
1369	394.000000
1371	404.000000
1373	432.000000
1375	377.000000
1377	394.000000
1379	426.000000
1381	388.000000
1383	405.000000
1385	351.000000
1387	389.000000
1389	375.000000
1391	391.000000
1393	357.000000
1395	401.000000
1397	360.000000
1399	407.000000
1401	390.000000
1403	382.000000
1405	366.000000
1407	373.000000
1409	370.000000
1411	352.000000
1413	358.000000
1415	392.000000
1417	364.000000
1419	355.000000
1421	315.000000
1423	350.000000
1425	360.000000
1427	352.000000
1429	371.000000
1431	360.000000
1433	368.000000
1435	373.000000
1437	342.000000
1439	382.000000
1441	380.000000
1443	310.000000
1445	346.000000
1447	327.000000
1449	338.000000
1451	328.000000
1453	358.000000
1455	332.000000
1457	304.000000
1459	369.000000
1461	326.000000
1463	344.000000
1465	370.000000
1467	312.000000
1469	320.000000
1471	339.000000
1473	354.000000
1475	321.000000
1477	311.000000
1479	324.000000
1481	353.000000
1483	343.000000
1485	317.000000
1487	338.000000
1489	337.000000
1491	333.000000
1493	314.000000
1495	330.000000
1497	340.000000
1499	314.000000
1501	350.000000
1503	336.000000
1505	315.000000
1507	307.000000
1509	294.000000
1511	317.000000
1513	334.000000
1515	316.000000
1517	315.000000
1519	280.000000
1521	330.000000
1523	310.000000
1525	325.000000
1527	312.000000
1529	309.000000
1531	317.000000
1533	294.000000
1535	313.000000
1537	303.000000
1539	309.000000
1541	309.000000
1543	298.000000
1545	301.000000
1547	332.000000
1549	314.000000
1551	299.000000
1553	298.000000
1555	321.000000
1557	305.000000
1559	303.000000
1561	319.000000
1563	346.000000
1565	305.000000
1567	317.000000
1569	297.000000
1571	322.000000
1573	318.000000
1575	315.000000
1577	319.000000
1579	311.000000
1581	301.000000
1583	335.000000
1585	296.000000
1587	348.000000
1589	334.000000
1591	328.000000
1593	347.000000
1595	333.000000
1597	376.000000
1599	369.000000
1601	368.000000
1603	390.000000
1605	352.000000
1607	381.000000
1609	416.000000
1611	376.000000
1613	419.000000
1615	434.000000
1617	487.000000
1619	461.000000
1621	479.000000
1623	492.000000
1625	524.000000
1627	477.000000
1629	546.000000
1631	587.000000
1633	620.000000
1635	675.000000
1637	699.000000
1639	703.000000
1641	702.000000
1643	745.000000
1645	810.000000
1647	844.000000
1649	852.000000
1651	924.000000
1653	965.000000
1655	992.000000
1657	1096.000000
1659	1099.000000
1661	1200.000000
1663	1228.000000
1665	1299.000000
1667	1350.000000
1669	1437.000000
1671	1572.000000
1673	1573.000000
1675	1647.000000
1677	1743.000000
1679	1732.000000
1681	1877.000000
1683	2013.000000
1685	2154.000000
1687	2136.000000
1689	2416.000000
1691	2437.000000
1693	2458.000000
1695	2582.000000
1697	2727.000000
1699	2873.000000
1701	2947.000000
1703	3058.000000
1705	3152.000000
1707	3255.000000
1709	3331.000000
1711	3431.000000
1713	3605.000000
1715	3713.000000
1717	3958.000000
1719	3902.000000
1721	4154.000000
1723	4221.000000
1725	4385.000000
1727	4487.000000
1729	4467.000000
1731	4576.000000
1733	4805.000000
1735	4790.000000
1737	5066.000000
1739	5039.000000
1741	5148.000000
1743	5353.000000
1745	5427.000000
1747	5416.000000
1749	5391.000000
1751	5564.000000
1753	5618.000000
1755	5699.000000
1757	5768.000000
1759	5729.000000
1761	5720.000000
1763	5797.000000
1765	5992.000000
1767	5973.000000
1769	5901.000000
1771	5854.000000
1773	5837.000000
1775	5741.000000
1777	5985.000000
1779	5821.000000
1781	5810.000000
1783	5736.000000
1785	5829.000000
1787	5774.000000
1789	5714.000000
1791	5646.000000
1793	5540.000000
1795	5443.000000
1797	5363.000000
1799	5291.000000
1801	5209.000000
1803	5068.000000
1805	5023.000000
1807	4979.000000
1809	4849.000000
1811	4781.000000
1813	4545.000000
1815	4346.000000
1817	4352.000000
1819	4200.000000
1821	4031.000000
1823	3899.000000
1825	3671.000000
1827	3738.000000
1829	3648.000000
1831	3502.000000
1833	3275.000000
1835	3199.000000
1837	3015.000000
1839	3000.000000
1841	2862.000000
1843	2650.000000
1845	2679.000000
1847	2383.000000
1849	2484.000000
1851	2190.000000
1853	2183.000000
1855	2044.000000
1857	1893.000000
1859	1898.000000
1861	1759.000000
1863	1686.000000
1865	1601.000000
1867	1513.000000
1869	1431.000000
1871	1357.000000
1873	1255.000000
1875	1196.000000
1877	1061.000000
1879	1096.000000
1881	979.000000
1883	869.000000
1885	849.000000
1887	818.000000
1889	791.000000
1891	702.000000
1893	651.000000
1895	636.000000
1897	533.000000
1899	547.000000
1901	454.000000
1903	443.000000
1905	444.000000
1907	382.000000
1909	363.000000
1911	341.000000
1913	310.000000
1915	291.000000
1917	283.000000
1919	255.000000
1921	260.000000
1923	212.000000
1925	203.000000
1927	173.000000
1929	179.000000
1931	165.000000
1933	160.000000
1935	141.000000
1937	125.000000
1939	130.000000
1941	139.000000
1943	110.000000
1945	117.000000
1947	87.000000
1949	101.000000
1951	74.000000
1953	83.000000
1955	73.000000
1957	89.000000
1959	73.000000
1961	70.000000
1963	67.000000
1965	70.000000
1967	75.000000
1969	65.000000
1971	63.000000
1973	62.000000
1975	64.000000
1977	68.000000
1979	63.000000
1981	59.000000
1983	60.000000
1985	58.000000
1987	59.000000
1989	52.000000
1991	51.000000
1993	46.000000
1995	51.000000
1997	49.000000
1999	47.000000
2001	49.000000
2003	58.000000
2005	37.000000
2007	61.000000
2009	61.000000
2011	47.000000
2013	55.000000
2015	51.000000
2017	59.000000
2019	45.000000
2021	51.000000
2023	45.000000
2025	63.000000
2027	54.000000
2029	59.000000
2031	55.000000
2033	59.000000
2035	58.000000
2037	50.000000
2039	61.000000
2041	47.000000
2043	44.000000
2045	46.000000
2047	52.000000
2049	54.000000
2051	54.000000
2053	54.000000
2055	41.000000
2057	49.000000
2059	53.000000
2061	35.000000
2063	53.000000
2065	36.000000
2067	47.000000
2069	35.000000
2071	51.000000
2073	56.000000
2075	42.000000
2077	46.000000
2079	52.000000
2081	55.000000
2083	51.000000
2085	56.000000
2087	49.000000
2089	59.000000
2091	50.000000
2093	53.000000
2095	54.000000
2097	44.000000
2099	55.000000
2101	43.000000
2103	48.000000
2105	69.000000
2107	51.000000
2109	45.000000
2111	53.000000
2113	50.000000
2115	48.000000
2117	52.000000
2119	51.000000
2121	33.000000
2123	51.000000
2125	56.000000
2127	49.000000
2129	54.000000
2131	41.000000
2133	50.000000
2135	47.000000
2137	52.000000
2139	46.000000
2141	49.000000
2143	62.000000
2145	50.000000
2147	50.000000
2149	63.000000
2151	44.000000
2153	56.000000
2155	45.000000
2157	39.000000
2159	57.000000
2161	41.000000
2163	61.000000
2165	53.000000
2167	48.000000
2169	58.000000
2171	56.000000
2173	33.000000
2175	58.000000
2177	55.000000
2179	45.000000
2181	58.000000
2183	71.000000
2185	63.000000
2187	51.000000
2189	56.000000
2191	46.000000
2193	60.000000
2195	60.000000
2197	40.000000
2199	53.000000
2201	51.000000
2203	45.000000
2205	55.000000
2207	66.000000
2209	50.000000
2211	34.000000
2213	50.000000
2215	39.000000
2217	44.000000
2219	67.000000
2221	48.000000
2223	49.000000
2225	55.000000
2227	57.000000
2229	53.000000
2231	50.000000
2233	52.000000
2235	52.000000
2237	38.000000
2239	44.000000
2241	44.000000
2243	55.000000
2245	46.000000
2247	44.000000
2249	56.000000
2251	49.000000
2253	47.000000
2255	48.000000
2257	42.000000
2259	44.000000
2261	58.000000
2263	52.000000
2265	58.000000
2267	51.000000
2269	49.000000
2271	59.000000
2273	60.000000
2275	51.000000
2277	63.000000
2279	65.000000
2281	63.000000
2283	38.000000
2285	51.000000
2287	53.000000
2289	44.000000
2291	54.000000
2293	48.000000
2295	51.000000
2297	52.000000
2299	44.000000
2301	46.000000
2303	51.000000
2305	52.000000
2307	62.000000
2309	48.000000
2311	37.000000
2313	54.000000
2315	50.000000
2317	50.000000
2319	50.000000
2321	42.000000
2323	39.000000
2325	53.000000
2327	54.000000
2329	43.000000
2331	26.000000
2333	42.000000
2335	54.000000
2337	52.000000
2339	41.000000
2341	47.000000
2343	47.000000
2345	49.000000
2347	59.000000
2349	45.000000
2351	39.000000
2353	33.000000
2355	55.000000
2357	28.000000
2359	48.000000
2361	47.000000
2363	45.000000
2365	44.000000
2367	49.000000
2369	37.000000
2371	43.000000
2373	53.000000
2375	46.000000
2377	34.000000
2379	48.000000
2381	57.000000
2383	53.000000
2385	45.000000
2387	39.000000
2389	49.000000
2391	39.000000
2393	37.000000
2395	51.000000
2397	52.000000
2399	40.000000
2401	32.000000
2403	38.000000
2405	40.000000
2407	32.000000
2409	37.000000
2411	42.000000
2413	56.000000
2415	37.000000
2417	40.000000
2419	44.000000
2421	38.000000
2423	43.000000
2425	44.000000
2427	30.000000
2429	30.000000
2431	48.000000
2433	39.000000
2435	33.000000
2437	37.000000
2439	38.000000
2441	31.000000
2443	37.000000
2445	43.000000
2447	33.000000
2449	47.000000
2451	31.000000
2453	26.000000
2455	33.000000
2457	26.000000
2459	28.000000
2461	27.000000
2463	38.000000
2465	32.000000
2467	39.000000
2469	29.000000
2471	40.000000
2473	27.000000
2475	37.000000
2477	31.000000
2479	36.000000
2481	41.000000
2483	42.000000
2485	22.000000
2487	30.000000
2489	40.000000
2491	34.000000
2493	31.000000
2495	29.000000
2497	25.000000
2499	37.000000
2501	33.000000
2503	39.000000
2505	36.000000
2507	30.000000
2509	29.000000
2511	28.000000
2513	37.000000
2515	42.000000
2517	43.000000
2519	32.000000
2521	24.000000
2523	50.000000
2525	28.000000
2527	42.000000
2529	42.000000
2531	26.000000
2533	34.000000
2535	30.000000
2537	24.000000
2539	38.000000
2541	40.000000
2543	20.000000
2545	35.000000
2547	23.000000
2549	29.000000
2551	17.000000
2553	29.000000
2555	29.000000
2557	35.000000
2559	28.000000
2561	23.000000
2563	32.000000
2565	23.000000
2567	21.000000
2569	35.000000
2571	23.000000
2573	28.000000
2575	21.000000
2577	33.000000
2579	37.000000
2581	26.000000
2583	31.000000
2585	23.000000
2587	33.000000
2589	21.000000
2591	29.000000
2593	21.000000
2595	42.000000
2597	16.000000
2599	22.000000
2601	23.000000
2603	22.000000
2605	20.000000
2607	24.000000
2609	31.000000
2611	37.000000
2613	27.000000
2615	20.000000
2617	25.000000
2619	26.000000
2621	37.000000
2623	21.000000
2625	30.000000
2627	34.000000
2629	33.000000
2631	27.000000
2633	27.000000
2635	31.000000
2637	25.000000
2639	30.000000
2641	22.000000
2643	27.000000
2645	39.000000
2647	18.000000
2649	22.000000
2651	32.000000
2653	24.000000
2655	29.000000
2657	27.000000
2659	20.000000
2661	29.000000
2663	18.000000
2665	19.000000
2667	16.000000
2669	22.000000
2671	29.000000
2673	25.000000
2675	20.000000
2677	22.000000
2679	21.000000
2681	29.000000
2683	19.000000
2685	24.000000
2687	24.000000
2689	37.000000
2691	30.000000
2693	25.000000
2695	27.000000
2697	27.000000
2699	27.000000
2701	23.000000
2703	25.000000
2705	28.000000
2707	20.000000
2709	25.000000
2711	26.000000
2713	20.000000
2715	25.000000
2717	36.000000
2719	25.000000
2721	18.000000
2723	26.000000
2725	16.000000
2727	27.000000
2729	17.000000
2731	19.000000
2733	21.000000
2735	16.000000
2737	24.000000
2739	25.000000
2741	17.000000
2743	26.000000
2745	19.000000
2747	22.000000
2749	21.000000
2751	20.000000
2753	26.000000
2755	23.000000
2757	21.000000
2759	21.000000
2761	15.000000
2763	28.000000
2765	23.000000
2767	24.000000
2769	12.000000
2771	17.000000
2773	29.000000
2775	26.000000
2777	18.000000
2779	22.000000
2781	27.000000
2783	23.000000
2785	23.000000
2787	22.000000
2789	21.000000
2791	30.000000
2793	13.000000
2795	29.000000
2797	15.000000
2799	23.000000
2801	15.000000
2803	19.000000
2805	29.000000
2807	26.000000
2809	14.000000
2811	21.000000
2813	20.000000
2815	25.000000
2817	26.000000
2819	29.000000
2821	22.000000
2823	16.000000
2825	15.000000
2827	13.000000
2829	27.000000
2831	24.000000
2833	21.000000
2835	18.000000
2837	19.000000
2839	18.000000
2841	24.000000
2843	19.000000
2845	16.000000
2847	24.000000
2849	21.000000
2851	24.000000
2853	18.000000
2855	20.000000
2857	18.000000
2859	16.000000
2861	16.000000
2863	33.000000
2865	19.000000
2867	22.000000
2869	18.000000
2871	19.000000
2873	23.000000
2875	13.000000
2877	17.000000
2879	22.000000
2881	24.000000
2883	30.000000
2885	10.000000
2887	14.000000
2889	13.000000
2891	10.000000
2893	21.000000
2895	28.000000
2897	26.000000
2899	19.000000
2901	20.000000
2903	21.000000
2905	20.000000
2907	21.000000
2909	28.000000
2911	19.000000
2913	21.000000
2915	18.000000
2917	23.000000
2919	19.000000
2921	9.000000
2923	20.000000
2925	17.000000
2927	17.000000
2929	20.000000
2931	24.000000
2933	15.000000
2935	21.000000
2937	22.000000
2939	22.000000
2941	21.000000
2943	16.000000
2945	10.000000
2947	17.000000
2949	27.000000
2951	12.000000
2953	14.000000
2955	19.000000
2957	21.000000
2959	18.000000
2961	12.000000
2963	18.000000
2965	9.000000
2967	10.000000
2969	19.000000
2971	15.000000
2973	19.000000
2975	17.000000
2977	14.000000
2979	17.000000
2981	16.000000
2983	27.000000
2985	17.000000
2987	27.000000
2989	13.000000
2991	9.000000
2993	13.000000
2995	17.000000
2997	10.000000
2999	15.000000
3001	11.000000
3003	8.000000
3005	17.000000
3007	14.000000
3009	18.000000
3011	15.000000
3013	11.000000
3015	16.000000
3017	17.000000
3019	16.000000
3021	18.000000
3023	16.000000
3025	7.000000
3027	9.000000
3029	8.000000
3031	15.000000
3033	26.000000
3035	14.000000
3037	15.000000
3039	14.000000
3041	11.000000
3043	11.000000
3045	11.000000
3047	15.000000
3049	14.000000
3051	11.000000
3053	18.000000
3055	10.000000
3057	19.000000
3059	16.000000
3061	10.000000
3063	17.000000
3065	13.000000
3067	18.000000
3069	22.000000
3071	13.000000
3073	9.000000
3075	15.000000
3077	21.000000
3079	21.000000
3081	10.000000
3083	7.000000
3085	9.000000
3087	12.000000
3089	15.000000
3091	10.000000
3093	11.000000
3095	13.000000
3097	11.000000
3099	16.000000
3101	14.000000
3103	14.000000
3105	12.000000
3107	17.000000
3109	9.000000
3111	8.000000
3113	21.000000
3115	8.000000
3117	17.000000
3119	17.000000
3121	15.000000
3123	11.000000
3125	13.000000
3127	10.000000
3129	11.000000
3131	11.000000
3133	10.000000
3135	12.000000
3137	12.000000
3139	19.000000
3141	21.000000
3143	12.000000
3145	16.000000
3147	13.000000
3149	21.000000
3151	13.000000
3153	15.000000
3155	9.000000
3157	15.000000
3159	19.000000
3161	16.000000
3163	12.000000
3165	13.000000
3167	14.000000
3169	19.000000
3171	17.000000
3173	23.000000
3175	11.000000
3177	18.000000
3179	5.000000
3181	10.000000
3183	12.000000
3185	18.000000
3187	13.000000
3189	14.000000
3191	19.000000
3193	21.000000
3195	15.000000
3197	18.000000
3199	19.000000
3201	15.000000
3203	12.000000
3205	8.000000
3207	9.000000
3209	12.000000
3211	13.000000
3213	21.000000
3215	6.000000
3217	17.000000
3219	14.000000
3221	10.000000
3223	12.000000
3225	11.000000
3227	11.000000
3229	12.000000
3231	10.000000
3233	9.000000
3235	16.000000
3237	17.000000
3239	10.000000
3241	18.000000
3243	17.000000
3245	24.000000
3247	17.000000
3249	14.000000
3251	19.000000
3253	20.000000
3255	8.000000
3257	15.000000
3259	10.000000
3261	20.000000
3263	16.000000
3265	10.000000
3267	11.000000
3269	17.000000
3271	10.000000
3273	24.000000
3275	9.000000
3277	9.000000
3279	18.000000
3281	12.000000
3283	12.000000
3285	14.000000
3287	11.000000
3289	16.000000
3291	25.000000
3293	17.000000
3295	17.000000
3297	15.000000
3299	19.000000
3301	17.000000
3303	17.000000
3305	13.000000
3307	20.000000
3309	19.000000
3311	20.000000
3313	16.000000
3315	21.000000
3317	13.000000
3319	30.000000
3321	20.000000
3323	17.000000
3325	21.000000
3327	17.000000
3329	13.000000
3331	17.000000
3333	17.000000
3335	21.000000
3337	17.000000
3339	24.000000
3341	12.000000
3343	12.000000
3345	17.000000
3347	20.000000
3349	24.000000
3351	13.000000
3353	26.000000
3355	20.000000
3357	22.000000
3359	17.000000
3361	22.000000
3363	16.000000
3365	17.000000
3367	13.000000
3369	20.000000
3371	15.000000
3373	26.000000
3375	25.000000
3377	16.000000
3379	24.000000
3381	19.000000
3383	30.000000
3385	15.000000
3387	27.000000
3389	25.000000
3391	21.000000
3393	21.000000
3395	18.000000
3397	20.000000
3399	32.000000
3401	24.000000
3403	28.000000
3405	23.000000
3407	20.000000
3409	31.000000
3411	18.000000
3413	20.000000
3415	20.000000
3417	17.000000
3419	27.000000
3421	28.000000
3423	30.000000
3425	19.000000
3427	20.000000
3429	21.000000
3431	24.000000
3433	21.000000
3435	17.000000
3437	23.000000
3439	24.000000
3441	29.000000
3443	20.000000
3445	23.000000
3447	22.000000
3449	32.000000
3451	17.000000
3453	27.000000
3455	18.000000
3457	20.000000
3459	18.000000
3461	20.000000
3463	18.000000
3465	20.000000
3467	29.000000
3469	19.000000
3471	28.000000
3473	23.000000
3475	21.000000
3477	29.000000
3479	28.000000
3481	22.000000
3483	24.000000
3485	33.000000
3487	23.000000
3489	26.000000
3491	27.000000
3493	24.000000
3495	21.000000
3497	23.000000
3499	17.000000
3501	22.000000
3503	15.000000
3505	19.000000
3507	19.000000
3509	15.000000
3511	16.000000
3513	20.000000
3515	20.000000
3517	23.000000
3519	19.000000
3521	17.000000
3523	19.000000
3525	16.000000
3527	21.000000
3529	23.000000
3531	21.000000
3533	19.000000
3535	13.000000
3537	19.000000
3539	12.000000
3541	21.000000
3543	12.000000
3545	18.000000
3547	22.000000
3549	22.000000
3551	16.000000
3553	15.000000
3555	12.000000
3557	7.000000
3559	14.000000
3561	25.000000
3563	13.000000
3565	7.000000
3567	18.000000
3569	15.000000
3571	10.000000
3573	15.000000
3575	10.000000
3577	12.000000
3579	16.000000
3581	8.000000
3583	8.000000
3585	13.000000
3587	10.000000
3589	11.000000
3591	15.000000
3593	9.000000
3595	9.000000
3597	10.000000
3599	4.000000
3601	10.000000
3603	8.000000
3605	10.000000
3607	7.000000
3609	1.000000
3611	6.000000
3613	7.000000
3615	9.000000
3617	7.000000
3619	7.000000
3621	6.000000
3623	10.000000
3625	2.000000
3627	5.000000
3629	5.000000
3631	9.000000
3633	6.000000
3635	6.000000
3637	6.000000
3639	3.000000
3641	3.000000
3643	8.000000
3645	1.000000
3647	4.000000
3649	3.000000
3651	6.000000
3653	2.000000
3655	4.000000
3657	4.000000
3659	7.000000
3661	2.000000
3663	6.000000
3665	4.000000
3667	2.000000
3669	3.000000
3671	3.000000
3673	0.000000
3675	1.000000
3677	3.000000
3679	0.000000
3681	1.000000
3683	1.000000
3685	0.000000
3687	0.000000
3689	1.000000
3691	2.000000
3693	0.000000
3695	4.000000
3697	1.000000
3699	1.000000
3701	1.000000
3703	0.000000
3705	1.000000
3707	0.000000
3709	1.000000
3711	1.000000
3713	0.000000
3715	0.000000
3717	2.000000
3719	0.000000
3721	1.000000
3723	1.000000
3725	1.000000
3727	0.000000
3729	1.000000
3731	0.000000
3733	0.000000
3735	0.000000
3737	1.000000
3739	2.000000
3741	1.000000
3743	2.000000
3745	0.000000
3747	1.000000
3749	0.000000
3751	0.000000
3753	1.000000
3755	0.000000
3757	0.000000
3759	0.000000
3761	1.000000
3763	0.000000
3765	1.000000
3767	2.000000
3769	0.000000
3771	2.000000
3773	0.000000
3775	1.000000
3777	0.000000
3779	0.000000
3781	0.000000
3783	2.000000
3785	0.000000
3787	0.000000
3789	0.000000
3791	2.000000
3793	1.000000
3795	1.000000
3797	1.000000
3799	1.000000
3801	2.000000
3803	0.000000
3805	1.000000
3807	1.000000
3809	1.000000
3811	0.000000
3813	0.000000
3815	0.000000
3817	1.000000
3819	0.000000
3821	1.000000
3823	1.000000
3825	1.000000
3827	0.000000
3829	1.000000
3831	1.000000
3833	0.000000
3835	0.000000
3837	2.000000
3839	0.000000
3841	0.000000
3843	1.000000
3845	0.000000
3847	1.000000
3849	0.000000
3851	1.000000
3853	0.000000
3855	1.000000
3857	0.000000
3859	1.000000
3861	2.000000
3863	0.000000
3865	0.000000
3867	0.000000
3869	3.000000
3871	1.000000
3873	0.000000
3875	0.000000
3877	1.000000
3879	0.000000
3881	0.000000
3883	2.000000
3885	0.000000
3887	0.000000
3889	0.000000
3891	0.000000
3893	1.000000
3895	0.000000
3897	0.000000
3899	0.000000
3901	0.000000
3903	0.000000
3905	1.000000
3907	0.000000
3909	0.000000
3911	0.000000
3913	0.000000
3915	1.000000
3917	0.000000
3919	0.000000
3921	0.000000
3923	0.000000
3925	0.000000
3927	0.000000
3929	2.000000
3931	0.000000
3933	0.000000
3935	0.000000
3937	0.000000
3939	1.000000
3941	3.000000
3943	1.000000
3945	0.000000
3947	0.000000
3949	0.000000
3951	0.000000
3953	1.000000
3955	0.000000
3957	0.000000
3959	2.000000
3961	0.000000
3963	0.000000
3965	0.000000
3967	1.000000
3969	1.000000
3971	0.000000
3973	0.000000
3975	0.000000
3977	0.000000
3979	0.000000
3981	0.000000
3983	1.000000
3985	0.000000
3987	0.000000
3989	0.000000
3991	0.000000
3993	0.000000
3995	1.000000
3997	0.000000
3999	0.000000
4001	0.000000
4003	0.000000
4005	0.000000
4007	1.000000
4009	1.000000
4011	0.000000
4013	0.000000
4015	0.000000
4017	0.000000
4019	0.000000
4021	0.000000
4023	0.000000
4025	2.000000
4027	0.000000
4029	1.000000
4031	0.000000
4033	0.000000
4035	0.000000
4037	0.000000
4039	0.000000
4041	0.000000
4043	1.000000
4045	0.000000
4047	0.000000
4049	0.000000
4051	0.000000
4053	0.000000
4055	1.000000
4057	0.000000
4059	1.000000
4061	0.000000
4063	0.000000
4065	0.000000
4067	0.000000
4069	1.000000
4071	1.000000
4073	0.000000
4075	1.000000
4077	1.000000
4079	0.000000
4081	1.000000
4083	0.000000
4085	0.000000
4087	1.000000
4089	0.000000
4091	0.000000
4093	1.000000
4095	0.000000
4097	1.000000
4099	1.000000
4101	1.000000
4103	1.000000
4105	0.000000
4107	0.000000
4109	0.000000
4111	1.000000
4113	0.000000
4115	0.000000
4117	0.000000
4119	0.000000
4121	0.000000
4123	1.000000
4125	0.000000
4127	0.000000
4129	0.000000
4131	0.000000
4133	0.000000
4135	0.000000
4137	1.000000
4139	0.000000
4141	1.000000
4143	0.000000
4145	1.000000
4147	0.000000
4149	0.000000
4151	0.000000
4153	0.000000
4155	0.000000
4157	0.000000
4159	0.000000
4161	0.000000
4163	0.000000
4165	1.000000
4167	0.000000
4169	0.000000
4171	0.000000
4173	0.000000
4175	0.000000
4177	1.000000
4179	0.000000
4181	0.000000
4183	0.000000
4185	1.000000
4187	0.000000
4189	0.000000
4191	0.000000
4193	0.000000
4195	1.000000
4197	0.000000
4199	0.000000
4201	0.000000
4203	1.000000
4205	0.000000
4207	0.000000
4209	0.000000
4211	0.000000
4213	0.000000
4215	0.000000
4217	0.000000
4219	2.000000
4221	0.000000
4223	0.000000
4225	0.000000
4227	0.000000
4229	0.000000
4231	0.000000
4233	0.000000
4235	0.000000
4237	1.000000
4239	0.000000
4241	0.000000
4243	0.000000
4245	0.000000
4247	1.000000
4249	0.000000
4251	1.000000
4253	0.000000
4255	1.000000
4257	0.000000
4259	0.000000
4261	0.000000
4263	0.000000
4265	0.000000
4267	0.000000
4269	0.000000
4271	0.000000
4273	0.000000
4275	0.000000
4277	0.000000
4279	0.000000
4281	1.000000
4283	0.000000
4285	0.000000
4287	0.000000
4289	0.000000
4291	0.000000
4293	0.000000
4295	1.000000
4297	0.000000
4299	0.000000
4301	0.000000
4303	0.000000
4305	0.000000
4307	0.000000
4309	0.000000
4311	0.000000
4313	0.000000
4315	0.000000
4317	0.000000
4319	0.000000
4321	0.000000
4323	0.000000
4325	0.000000
4327	1.000000
4329	1.000000
4331	0.000000
4333	0.000000
4335	1.000000
4337	0.000000
4339	0.000000
4341	0.000000
4343	0.000000
4345	0.000000
4347	0.000000
4349	1.000000
4351	0.000000
4353	0.000000
4355	1.000000
4357	0.000000
4359	0.000000
4361	1.000000
4363	0.000000
4365	0.000000
4367	0.000000
4369	1.000000
4371	0.000000
4373	0.000000
4375	0.000000
4377	0.000000
4379	0.000000
4381	0.000000
4383	0.000000
4385	0.000000
4387	0.000000
4389	0.000000
4391	0.000000
4393	1.000000
4395	0.000000
4397	0.000000
4399	2.000000
4401	0.000000
4403	0.000000
4405	1.000000
4407	0.000000
4409	0.000000
4411	0.000000
4413	0.000000
4415	0.000000
4417	0.000000
4419	0.000000
4421	0.000000
4423	0.000000
4425	1.000000
4427	1.000000
4429	1.000000
4431	1.000000
4433	0.000000
4435	0.000000
4437	0.000000
4439	0.000000
4441	0.000000
4443	0.000000
4445	1.000000
4447	0.000000
4449	0.000000
4451	0.000000
4453	0.000000
4455	0.000000
4457	0.000000
4459	0.000000
4461	0.000000
4463	1.000000
4465	0.000000
4467	0.000000
4469	0.000000
4471	0.000000
4473	0.000000
4475	0.000000
4477	1.000000
4479	0.000000
4481	0.000000
4483	0.000000
4485	0.000000
4487	0.000000
4489	0.000000
4491	0.000000
4493	0.000000
4495	0.000000
4497	0.000000
4499	0.000000
4501	0.000000
4503	0.000000
4505	0.000000
4507	0.000000
4509	0.000000
4511	0.000000
4513	0.000000
4515	2.000000
4517	0.000000
4519	1.000000
4521	0.000000
4523	0.000000
4525	0.000000
4527	0.000000
4529	0.000000
4531	0.000000
4533	0.000000
4535	0.000000
4537	0.000000
4539	0.000000
4541	0.000000
4543	1.000000
4545	0.000000
4547	0.000000
4549	1.000000
4551	0.000000
4553	0.000000
4555	0.000000
4557	1.000000
4559	0.000000
4561	0.000000
4563	0.000000
4565	0.000000
4567	0.000000
4569	0.000000
4571	0.000000
4573	0.000000
4575	0.000000
4577	0.000000
4579	0.000000
4581	0.000000
4583	0.000000
4585	0.000000
4587	1.000000
4589	0.000000
4591	0.000000
4593	0.000000
4595	0.000000
4597	0.000000
4599	0.000000
4601	2.000000
4603	0.000000
4605	0.000000
4607	0.000000
4609	1.000000
4611	0.000000
4613	0.000000
4615	0.000000
4617	0.000000
4619	0.000000
4621	0.000000
4623	0.000000
4625	0.000000
4627	0.000000
4629	0.000000
4631	0.000000
4633	2.000000
4635	0.000000
4637	0.000000
4639	0.000000
4641	0.000000
4643	0.000000
4645	0.000000
4647	0.000000
4649	0.000000
4651	0.000000
4653	0.000000
4655	0.000000
4657	0.000000
4659	1.000000
4661	0.000000
4663	0.000000
4665	0.000000
4667	0.000000
4669	0.000000
4671	0.000000
4673	0.000000
4675	0.000000
4677	0.000000
4679	0.000000
4681	0.000000
4683	0.000000
4685	0.000000
4687	0.000000
4689	1.000000
4691	0.000000
4693	0.000000
4695	0.000000
4697	0.000000
4699	0.000000
4701	0.000000
4703	0.000000
4705	0.000000
4707	0.000000
4709	0.000000
4711	0.000000
4713	0.000000
4715	0.000000
4717	1.000000
4719	0.000000
4721	0.000000
4723	0.000000
4725	0.000000
4727	0.000000
4729	0.000000
4731	0.000000
4733	0.000000
4735	0.000000
4737	1.000000
4739	0.000000
4741	0.000000
4743	0.000000
4745	0.000000
4747	0.000000
4749	0.000000
4751	0.000000
4753	0.000000
4755	0.000000
4757	0.000000
4759	0.000000
4761	0.000000
4763	0.000000
4765	1.000000
4767	0.000000
4769	1.000000
4771	0.000000
4773	0.000000
4775	0.000000
4777	0.000000
4779	0.000000
4781	0.000000
4783	0.000000
4785	0.000000
4787	0.000000
4789	0.000000
4791	0.000000
4793	0.000000
4795	0.000000
4797	0.000000
4799	1.000000
4801	0.000000
4803	0.000000
4805	0.000000
4807	0.000000
4809	0.000000
4811	0.000000
4813	0.000000
4815	0.000000
4817	0.000000
4819	0.000000
4821	0.000000
4823	0.000000
4825	0.000000
4827	0.000000
4829	0.000000
4831	0.000000
4833	0.000000
4835	0.000000
4837	0.000000
4839	0.000000
4841	0.000000
4843	0.000000
4845	0.000000
4847	0.000000
4849	0.000000
4851	1.000000
4853	2.000000
4855	0.000000
4857	0.000000
4859	0.000000
4861	0.000000
4863	0.000000
4865	0.000000
4867	0.000000
4869	1.000000
4871	0.000000
4873	0.000000
4875	0.000000
4877	0.000000
4879	0.000000
4881	0.000000
4883	0.000000
4885	0.000000
4887	0.000000
4889	0.000000
4891	0.000000
4893	0.000000
4895	0.000000
4897	0.000000
4899	0.000000
4901	0.000000
4903	0.000000
4905	0.000000
4907	0.000000
4909	0.000000
4911	0.000000
4913	0.000000
4915	0.000000
4917	0.000000
4919	0.000000
4921	0.000000
4923	0.000000
4925	0.000000
4927	0.000000
4929	0.000000
4931	1.000000
4933	0.000000
4935	0.000000
4937	1.000000
4939	0.000000
4941	0.000000
4943	0.000000
4945	1.000000
4947	0.000000
4949	0.000000
4951	0.000000
4953	0.000000
4955	2.000000
4957	0.000000
4959	0.000000
4961	0.000000
4963	0.000000
4965	0.000000
4967	0.000000
4969	0.000000
4971	0.000000
4973	0.000000
4975	0.000000
4977	0.000000
4979	0.000000
4981	0.000000
4983	0.000000
4985	0.000000
4987	0.000000
4989	1.000000
4991	0.000000
4993	0.000000
4995	2.000000
4997	0.000000
4999	0.000000
5001	0.000000
5003	0.000000
5005	0.000000
5007	0.000000
5009	0.000000
5011	0.000000
5013	0.000000
5015	0.000000
5017	0.000000
5019	0.000000
5021	0.000000
5023	0.000000
5025	0.000000
5027	1.000000
5029	0.000000
5031	0.000000
5033	0.000000
5035	0.000000
5037	1.000000
5039	1.000000
5041	1.000000
5043	0.000000
5045	2.000000
5047	0.000000
5049	0.000000
5051	0.000000
5053	0.000000
5055	0.000000
5057	0.000000
5059	0.000000
5061	0.000000
5063	0.000000
5065	1.000000
5067	0.000000
5069	0.000000
5071	0.000000
5073	0.000000
5075	0.000000
5077	0.000000
5079	0.000000
5081	0.000000
5083	0.000000
5085	0.000000
5087	0.000000
5089	0.000000
5091	0.000000
5093	0.000000
5095	0.000000
5097	0.000000
5099	0.000000
5101	0.000000
5103	0.000000
5105	0.000000
5107	0.000000
5109	0.000000
5111	0.000000
5113	0.000000
5115	1.000000
5117	1.000000
5119	1.000000
5121	0.000000
5123	0.000000
5125	0.000000
5127	1.000000
5129	0.000000
5131	0.000000
5133	0.000000
5135	0.000000
5137	0.000000
5139	0.000000
5141	0.000000
5143	0.000000
5145	0.000000
5147	0.000000
5149	0.000000
5151	0.000000
5153	0.000000
5155	0.000000
5157	0.000000
5159	0.000000
5161	0.000000
5163	0.000000
5165	1.000000
5167	0.000000
5169	0.000000
5171	0.000000
5173	0.000000
5175	0.000000
5177	0.000000
5179	0.000000
5181	0.000000
5183	0.000000
5185	0.000000
5187	0.000000
5189	0.000000
5191	0.000000
5193	0.000000
5195	0.000000
5197	0.000000
5199	0.000000
5201	1.000000
5203	0.000000
5205	0.000000
5207	0.000000
5209	0.000000
5211	0.000000
5213	1.000000
5215	0.000000
5217	0.000000
5219	0.000000
5221	0.000000
5223	0.000000
5225	0.000000
5227	0.000000
5229	0.000000
5231	0.000000
5233	0.000000
5235	0.000000
5237	0.000000
5239	0.000000
5241	0.000000
5243	0.000000
5245	0.000000
5247	0.000000
5249	0.000000
5251	0.000000
5253	0.000000
5255	0.000000
5257	0.000000
5259	0.000000
5261	0.000000
5263	0.000000
5265	0.000000
5267	0.000000
5269	0.000000
5271	0.000000
5273	1.000000
5275	1.000000
5277	0.000000
5279	0.000000
5281	0.000000
5283	0.000000
5285	0.000000
5287	0.000000
5289	0.000000
5291	0.000000
5293	0.000000
5295	0.000000
5297	0.000000
5299	0.000000
5301	0.000000
5303	0.000000
5305	0.000000
5307	0.000000
5309	0.000000
5311	0.000000
5313	0.000000
5315	0.000000
5317	0.000000
5319	0.000000
5321	2.000000
5323	0.000000
5325	0.000000
5327	0.000000
5329	0.000000
5331	0.000000
5333	0.000000
5335	0.000000
5337	0.000000
5339	0.000000
5341	0.000000
5343	0.000000
5345	0.000000
5347	0.000000
5349	0.000000
5351	0.000000
5353	0.000000
5355	0.000000
5357	0.000000
5359	0.000000
5361	0.000000
5363	0.000000
5365	0.000000
5367	0.000000
5369	0.000000
5371	0.000000
5373	0.000000
5375	0.000000
5377	0.000000
5379	0.000000
5381	0.000000
5383	0.000000
5385	0.000000
5387	0.000000
5389	0.000000
5391	0.000000
5393	0.000000
5395	0.000000
5397	0.000000
5399	0.000000
5401	0.000000
5403	0.000000
5405	0.000000
5407	0.000000
5409	0.000000
5411	0.000000
5413	0.000000
5415	0.000000
5417	0.000000
5419	0.000000
5421	0.000000
5423	0.000000
5425	0.000000
5427	0.000000
5429	0.000000
5431	0.000000
5433	0.000000
5435	0.000000
5437	0.000000
5439	0.000000
5441	0.000000
5443	0.000000
5445	0.000000
5447	1.000000
5449	0.000000
5451	0.000000
5453	0.000000
5455	0.000000
5457	0.000000
5459	0.000000
5461	0.000000
5463	0.000000
5465	0.000000
5467	0.000000
5469	0.000000
5471	0.000000
5473	0.000000
5475	0.000000
5477	0.000000
5479	0.000000
5481	0.000000
5483	0.000000
5485	0.000000
5487	0.000000
5489	0.000000
5491	0.000000
5493	0.000000
5495	0.000000
5497	0.000000
5499	0.000000
5501	0.000000
5503	0.000000
5505	0.000000
5507	0.000000
5509	0.000000
5511	0.000000
5513	0.000000
5515	0.000000
5517	0.000000
5519	0.000000
5521	0.000000
5523	0.000000
5525	0.000000
5527	0.000000
5529	0.000000
5531	0.000000
5533	0.000000
5535	0.000000
5537	0.000000
5539	0.000000
5541	0.000000
5543	0.000000
5545	0.000000
5547	0.000000
5549	0.000000
5551	0.000000
5553	1.000000
5555	0.000000
5557	0.000000
5559	1.000000
5561	0.000000
5563	0.000000
5565	0.000000
5567	0.000000
5569	0.000000
5571	0.000000
5573	0.000000
5575	0.000000
5577	0.000000
5579	1.000000
5581	0.000000
5583	0.000000
5585	0.000000
5587	0.000000
5589	0.000000
5591	0.000000
5593	0.000000
5595	0.000000
5597	0.000000
5599	0.000000
5601	0.000000
5603	0.000000
5605	0.000000
5607	0.000000
5609	0.000000
5611	0.000000
5613	0.000000
5615	0.000000
5617	0.000000
5619	0.000000
5621	0.000000
5623	0.000000
5625	0.000000
5627	0.000000
5629	0.000000
5631	0.000000
5633	0.000000
5635	0.000000
5637	0.000000
5639	0.000000
5641	0.000000
5643	0.000000
5645	0.000000
5647	0.000000
5649	0.000000
5651	0.000000
5653	0.000000
5655	0.000000
5657	0.000000
5659	0.000000
5661	0.000000
5663	0.000000
5665	0.000000
5667	0.000000
5669	0.000000
5671	0.000000
5673	0.000000
5675	0.000000
5677	0.000000
5679	0.000000
5681	0.000000
5683	0.000000
5685	0.000000
5687	0.000000
5689	0.000000
5691	0.000000
5693	0.000000
5695	0.000000
5697	0.000000
5699	0.000000
5701	0.000000
5703	0.000000
5705	0.000000
5707	0.000000
5709	0.000000
5711	0.000000
5713	0.000000
5715	0.000000
5717	0.000000
5719	0.000000
5721	0.000000
5723	0.000000
5725	0.000000
5727	0.000000
5729	0.000000
5731	0.000000
5733	0.000000
5735	0.000000
5737	0.000000
5739	0.000000
5741	0.000000
5743	0.000000
5745	0.000000
5747	0.000000
5749	0.000000
5751	0.000000
5753	0.000000
5755	0.000000
5757	0.000000
5759	0.000000
5761	0.000000
5763	0.000000
5765	0.000000
5767	0.000000
5769	0.000000
5771	0.000000
5773	0.000000
5775	0.000000
5777	0.000000
5779	0.000000
5781	0.000000
5783	0.000000
5785	0.000000
5787	0.000000
5789	0.000000
5791	0.000000
5793	0.000000
5795	0.000000
5797	0.000000
5799	0.000000
5801	0.000000
5803	0.000000
5805	0.000000
5807	0.000000
5809	0.000000
5811	0.000000
5813	0.000000
5815	0.000000
5817	0.000000
5819	0.000000
5821	0.000000
5823	0.000000
5825	0.000000
5827	0.000000
5829	0.000000
5831	0.000000
5833	0.000000
5835	0.000000
5837	0.000000
5839	0.000000
5841	0.000000
5843	0.000000
5845	0.000000
5847	0.000000
5849	0.000000
5851	0.000000
5853	1.000000
5855	0.000000
5857	0.000000
5859	0.000000
5861	0.000000
5863	0.000000
5865	0.000000
5867	0.000000
5869	0.000000
5871	0.000000
5873	0.000000
5875	0.000000
5877	0.000000
5879	0.000000
5881	0.000000
5883	0.000000
5885	0.000000
5887	0.000000
5889	0.000000
5891	0.000000
5893	0.000000
5895	0.000000
5897	0.000000
5899	0.000000
5901	0.000000
5903	0.000000
5905	0.000000
5907	0.000000
5909	0.000000
5911	0.000000
5913	0.000000
5915	0.000000
5917	0.000000
5919	0.000000
5921	0.000000
5923	0.000000
5925	0.000000
5927	0.000000
5929	0.000000
5931	0.000000
5933	0.000000
5935	0.000000
5937	0.000000
5939	0.000000
5941	0.000000
5943	0.000000
5945	0.000000
5947	0.000000
5949	0.000000
5951	0.000000
5953	0.000000
5955	0.000000
5957	0.000000
5959	0.000000
5961	0.000000
5963	0.000000
5965	0.000000
5967	0.000000
5969	0.000000
5971	0.000000
5973	0.000000
5975	0.000000
5977	0.000000
5979	0.000000
5981	0.000000
5983	0.000000
5985	0.000000
5987	0.000000
5989	0.000000
5991	0.000000
5993	0.000000
5995	0.000000
5997	0.000000
5999	0.000000
6001	1.000000
6003	0.000000
6005	0.000000
6007	0.000000
6009	0.000000
6011	0.000000
6013	0.000000
6015	0.000000
6017	0.000000
6019	1.000000
6021	0.000000
6023	0.000000
6025	0.000000
6027	0.000000
6029	0.000000
6031	0.000000
6033	0.000000
6035	0.000000
6037	0.000000
6039	0.000000
6041	0.000000
6043	0.000000
6045	0.000000
6047	0.000000
6049	0.000000
6051	0.000000
6053	0.000000
6055	0.000000
6057	0.000000
6059	0.000000
6061	0.000000
6063	0.000000
6065	0.000000
6067	0.000000
6069	0.000000
6071	0.000000
6073	0.000000
6075	0.000000
6077	0.000000
6079	0.000000
6081	0.000000
6083	0.000000
6085	0.000000
6087	0.000000
6089	0.000000
6091	0.000000
6093	0.000000
6095	0.000000
6097	0.000000
6099	0.000000
6101	0.000000
6103	0.000000
6105	0.000000
6107	0.000000
6109	0.000000
6111	0.000000
6113	0.000000
6115	0.000000
6117	0.000000
6119	0.000000
6121	0.000000
6123	0.000000
6125	0.000000
6127	0.000000
6129	0.000000
6131	0.000000
6133	0.000000
6135	0.000000
6137	0.000000
6139	0.000000
6141	0.000000
6143	0.000000
6145	0.000000
6147	0.000000
6149	0.000000
6151	0.000000
6153	0.000000
6155	0.000000
6157	0.000000
6159	0.000000
6161	0.000000
6163	0.000000
6165	0.000000
6167	0.000000
6169	0.000000
6171	0.000000
6173	0.000000
6175	0.000000
6177	0.000000
6179	0.000000
6181	0.000000
6183	0.000000
6185	0.000000
6187	0.000000
6189	0.000000
6191	0.000000
6193	0.000000
6195	0.000000
6197	0.000000
6199	0.000000
6201	0.000000
6203	0.000000
6205	0.000000
6207	0.000000
6209	0.000000
6211	0.000000
6213	0.000000
6215	0.000000
6217	0.000000
6219	0.000000
6221	0.000000
6223	0.000000
6225	0.000000
6227	0.000000
6229	0.000000
6231	0.000000
6233	0.000000
6235	0.000000
6237	0.000000
6239	0.000000
6241	0.000000
6243	0.000000
6245	0.000000
6247	0.000000
6249	0.000000
6251	0.000000
6253	0.000000
6255	0.000000
6257	0.000000
6259	0.000000
6261	0.000000
6263	0.000000
6265	0.000000
6267	0.000000
6269	0.000000
6271	0.000000
6273	0.000000
6275	0.000000
6277	0.000000
6279	0.000000
6281	0.000000
6283	0.000000
6285	0.000000
6287	0.000000
6289	0.000000
6291	0.000000
6293	0.000000
6295	0.000000
6297	0.000000
6299	0.000000
6301	0.000000
6303	0.000000
6305	0.000000
6307	0.000000
6309	0.000000
6311	0.000000
6313	0.000000
6315	0.000000
6317	0.000000
6319	0.000000
6321	0.000000
6323	0.000000
6325	0.000000
6327	0.000000
6329	0.000000
6331	0.000000
6333	0.000000
6335	0.000000
6337	0.000000
6339	0.000000
6341	0.000000
6343	0.000000
6345	0.000000
6347	0.000000
6349	0.000000
6351	0.000000
6353	0.000000
6355	0.000000
6357	0.000000
6359	0.000000
6361	0.000000
6363	0.000000
6365	0.000000
6367	0.000000
6369	0.000000
6371	0.000000
6373	0.000000
6375	0.000000
6377	0.000000
6379	0.000000
6381	0.000000
6383	0.000000
6385	0.000000
6387	0.000000
6389	0.000000
6391	0.000000
6393	0.000000
6395	0.000000
6397	0.000000
6399	0.000000
6401	0.000000
6403	0.000000
6405	0.000000
6407	0.000000
6409	0.000000
6411	0.000000
6413	0.000000
6415	0.000000
6417	0.000000
6419	0.000000
6421	0.000000
6423	0.000000
6425	0.000000
6427	0.000000
6429	0.000000
6431	0.000000
6433	0.000000
6435	0.000000
6437	0.000000
6439	0.000000
6441	0.000000
6443	0.000000
6445	0.000000
6447	0.000000
6449	0.000000
6451	0.000000
6453	0.000000
6455	0.000000
6457	0.000000
6459	0.000000
6461	0.000000
6463	0.000000
6465	0.000000
6467	0.000000
6469	0.000000
6471	0.000000
6473	0.000000
6475	0.000000
6477	0.000000
6479	0.000000
6481	0.000000
6483	0.000000
6485	0.000000
6487	0.000000
6489	0.000000
6491	0.000000
6493	0.000000
6495	0.000000
6497	0.000000
6499	0.000000
6501	0.000000
6503	0.000000
6505	0.000000
6507	0.000000
6509	0.000000
6511	0.000000
6513	0.000000
6515	0.000000
6517	0.000000
6519	0.000000
6521	0.000000
6523	0.000000
6525	0.000000
6527	0.000000
6529	0.000000
6531	0.000000
6533	0.000000
6535	0.000000
6537	0.000000
6539	0.000000
6541	0.000000
6543	0.000000
6545	0.000000
6547	0.000000
6549	0.000000
6551	0.000000
6553	1.000000
6555	0.000000
6557	0.000000
6559	0.000000
6561	0.000000
6563	0.000000
6565	0.000000
6567	0.000000
6569	0.000000
6571	0.000000
6573	0.000000
6575	0.000000
6577	0.000000
6579	0.000000
6581	0.000000
6583	0.000000
6585	0.000000
6587	0.000000
6589	0.000000
6591	0.000000
6593	0.000000
6595	0.000000
6597	0.000000
6599	0.000000
6601	0.000000
6603	0.000000
6605	0.000000
6607	0.000000
6609	0.000000
6611	0.000000
6613	0.000000
6615	0.000000
6617	0.000000
6619	0.000000
6621	0.000000
6623	0.000000
6625	0.000000
6627	0.000000
6629	0.000000
6631	0.000000
6633	0.000000
6635	0.000000
6637	0.000000
6639	0.000000
6641	0.000000
6643	0.000000
6645	0.000000
6647	0.000000
6649	0.000000
6651	0.000000
6653	0.000000
6655	0.000000
6657	0.000000
6659	0.000000
6661	0.000000
6663	0.000000
6665	0.000000
6667	0.000000
6669	0.000000
6671	0.000000
6673	0.000000
6675	0.000000
6677	0.000000
6679	0.000000
6681	0.000000
6683	0.000000
6685	0.000000
6687	0.000000
6689	0.000000
6691	0.000000
6693	0.000000
6695	0.000000
6697	0.000000
6699	0.000000
6701	0.000000
6703	0.000000
6705	0.000000
6707	0.000000
6709	0.000000
6711	0.000000
6713	0.000000
6715	0.000000
6717	0.000000
6719	0.000000
6721	0.000000
6723	0.000000
6725	0.000000
6727	0.000000
6729	0.000000
6731	0.000000
6733	0.000000
6735	0.000000
6737	0.000000
6739	0.000000
6741	0.000000
6743	0.000000
6745	0.000000
6747	0.000000
6749	0.000000
6751	0.000000
6753	0.000000
6755	0.000000
6757	0.000000
6759	0.000000
6761	0.000000
6763	0.000000
6765	0.000000
6767	0.000000
6769	0.000000
6771	0.000000
6773	0.000000
6775	0.000000
6777	0.000000
6779	0.000000
6781	0.000000
6783	0.000000
6785	0.000000
6787	0.000000
6789	0.000000
6791	0.000000
6793	0.000000
6795	0.000000
6797	0.000000
6799	0.000000
6801	0.000000
6803	0.000000
6805	0.000000
6807	0.000000
6809	0.000000
6811	0.000000
6813	0.000000
6815	0.000000
6817	0.000000
6819	0.000000
6821	0.000000
6823	0.000000
6825	0.000000
6827	0.000000
6829	0.000000
6831	0.000000
6833	0.000000
6835	0.000000
6837	0.000000
6839	0.000000
6841	0.000000
6843	0.000000
6845	0.000000
6847	0.000000
6849	0.000000
6851	0.000000
6853	0.000000
6855	0.000000
6857	0.000000
6859	0.000000
6861	0.000000
6863	0.000000
6865	0.000000
6867	0.000000
6869	0.000000
6871	0.000000
6873	0.000000
6875	0.000000
6877	0.000000
6879	0.000000
6881	0.000000
6883	0.000000
6885	0.000000
6887	0.000000
6889	0.000000
6891	0.000000
6893	0.000000
6895	0.000000
6897	0.000000
6899	0.000000
6901	0.000000
6903	0.000000
6905	0.000000
6907	0.000000
6909	0.000000
6911	0.000000
6913	0.000000
6915	0.000000
6917	0.000000
6919	0.000000
6921	0.000000
6923	0.000000
6925	0.000000
6927	0.000000
6929	0.000000
6931	0.000000
6933	0.000000
6935	0.000000
6937	0.000000
6939	0.000000
6941	0.000000
6943	0.000000
6945	0.000000
6947	0.000000
6949	0.000000
6951	0.000000
6953	0.000000
6955	0.000000
6957	0.000000
6959	0.000000
6961	0.000000
6963	0.000000
6965	0.000000
6967	0.000000
6969	0.000000
6971	0.000000
6973	0.000000
6975	0.000000
6977	0.000000
6979	0.000000
6981	0.000000
6983	0.000000
6985	0.000000
6987	0.000000
6989	0.000000
6991	0.000000
6993	0.000000
6995	0.000000
6997	0.000000
6999	0.000000
