1	6.000000
3	4.000000
5	2.000000
7	5.000000
9	4.000000
11	4.000000
13	2.000000
15	8.000000
17	4.000000
19	2.000000
21	2.000000
23	0.000000
25	4.000000
27	5.000000
29	0.000000
31	1.000000
33	1.000000
35	6.000000
37	4.000000
39	3.000000
41	1.000000
43	5.000000
45	9.000000
47	7.000000
49	3.000000
51	4.000000
53	5.000000
55	0.000000
57	2.000000
59	5.000000
61	6.000000
63	6.000000
65	6.000000
67	4.000000
69	9.000000
71	2.000000
73	5.000000
75	4.000000
77	2.000000
79	4.000000
81	5.000000
83	6.000000
85	3.000000
87	5.000000
89	7.000000
91	7.000000
93	3.000000
95	6.000000
97	5.000000
99	5.000000
101	9.000000
103	4.000000
105	9.000000
107	5.000000
109	2.000000
111	7.000000
113	10.000000
115	5.000000
117	7.000000
119	14.000000
121	9.000000
123	13.000000
125	3.000000
127	6.000000
129	5.000000
131	7.000000
133	10.000000
135	6.000000
137	5.000000
139	8.000000
141	2.000000
143	6.000000
145	6.000000
147	7.000000
149	8.000000
151	6.000000
153	9.000000
155	7.000000
157	9.000000
159	5.000000
161	3.000000
163	4.000000
165	9.000000
167	8.000000
169	8.000000
171	6.000000
173	8.000000
175	15.000000
177	8.000000
179	10.000000
181	11.000000
183	9.000000
185	7.000000
187	7.000000
189	10.000000
191	10.000000
193	6.000000
195	8.000000
197	7.000000
199	11.000000
201	12.000000
203	7.000000
205	10.000000
207	9.000000
209	6.000000
211	8.000000
213	8.000000
215	9.000000
217	14.000000
219	7.000000
221	12.000000
223	11.000000
225	10.000000
227	13.000000
229	12.000000
231	12.000000
233	11.000000
235	13.000000
237	11.000000
239	11.000000
241	14.000000
243	10.000000
245	9.000000
247	16.000000
249	11.000000
251	11.000000
253	12.000000
255	19.000000
257	8.000000
259	16.000000
261	9.000000
263	15.000000
265	16.000000
267	14.000000
269	10.000000
271	19.000000
273	31.000000
275	22.000000
277	13.000000
279	14.000000
281	22.000000
283	22.000000
285	16.000000
287	17.000000
289	15.000000
291	14.000000
293	13.000000
295	18.000000
297	13.000000
299	22.000000
301	16.000000
303	20.000000
305	13.000000
307	14.000000
309	27.000000
311	19.000000
313	16.000000
315	26.000000
317	20.000000
319	29.000000
321	31.000000
323	25.000000
325	25.000000
327	30.000000
329	23.000000
331	26.000000
333	17.000000
335	37.000000
337	34.000000
339	26.000000
341	27.000000
343	31.000000
345	37.000000
347	34.000000
349	33.000000
351	29.000000
353	29.000000
355	25.000000
357	26.000000
359	37.000000
361	41.000000
363	29.000000
365	38.000000
367	38.000000
369	39.000000
371	48.000000
373	38.000000
375	31.000000
377	42.000000
379	46.000000
381	34.000000
383	57.000000
385	55.000000
387	44.000000
389	44.000000
391	52.000000
393	49.000000
395	50.000000
397	68.000000
399	51.000000
401	62.000000
403	47.000000
405	69.000000
407	61.000000
409	63.000000
411	71.000000
413	83.000000
415	72.000000
417	90.000000
419	66.000000
421	95.000000
423	84.000000
425	86.000000
427	100.000000
429	118.000000
431	98.000000
433	125.000000
435	102.000000
437	114.000000
439	115.000000
441	155.000000
443	131.000000
445	159.000000
447	178.000000
449	168.000000
451	150.000000
453	160.000000
455	192.000000
457	190.000000
459	232.000000
461	219.000000
463	225.000000
465	193.000000
467	236.000000
469	222.000000
471	261.000000
473	285.000000
475	277.000000
477	313.000000
479	298.000000
481	281.000000
483	352.000000
485	340.000000
487	381.000000
489	350.000000
491	365.000000
493	387.000000
495	410.000000
497	413.000000
499	410.000000
501	494.000000
503	443.000000
505	492.000000
507	541.000000
509	531.000000
511	521.000000
513	560.000000
515	575.000000
517	624.000000
519	593.000000
521	619.000000
523	641.000000
525	696.000000
527	696.000000
529	746.000000
531	779.000000
533	835.000000
535	808.000000
537	817.000000
539	827.000000
541	889.000000
543	889.000000
545	934.000000
547	940.000000
549	987.000000
551	1031.000000
553	1018.000000
555	1091.000000
557	1120.000000
559	1096.000000
561	1097.000000
563	1123.000000
565	1185.000000
567	1246.000000
569	1237.000000
571	1264.000000
573	1302.000000
575	1346.000000
577	1360.000000
579	1394.000000
581	1378.000000
583	1371.000000
585	1504.000000
587	1571.000000
589	1479.000000
591	1584.000000
593	1509.000000
595	1546.000000
597	1664.000000
599	1603.000000
601	1607.000000
603	1656.000000
605	1617.000000
607	1728.000000
609	1657.000000
611	1745.000000
613	1761.000000
615	1736.000000
617	1787.000000
619	1865.000000
621	1797.000000
623	1820.000000
625	1753.000000
627	1837.000000
629	1818.000000
631	1828.000000
633	1897.000000
635	1803.000000
637	1774.000000
639	1813.000000
641	1888.000000
643	1801.000000
645	1747.000000
647	1883.000000
649	1816.000000
651	1865.000000
653	1750.000000
655	1658.000000
657	1802.000000
659	1808.000000
661	1798.000000
663	1814.000000
665	1738.000000
667	1775.000000
669	1799.000000
671	1731.000000
673	1751.000000
675	1726.000000
677	1677.000000
679	1630.000000
681	1681.000000
683	1625.000000
685	1619.000000
687	1564.000000
689	1560.000000
691	1543.000000
693	1528.000000
695	1568.000000
697	1517.000000
699	1570.000000
701	1543.000000
703	1533.000000
705	1471.000000
707	1517.000000
709	1456.000000
711	1405.000000
713	1446.000000
715	1449.000000
717	1405.000000
719	1426.000000
721	1427.000000
723	1396.000000
725	1399.000000
727	1387.000000
729	1316.000000
731	1349.000000
733	1362.000000
735	1303.000000
737	1300.000000
739	1343.000000
741	1227.000000
743	1281.000000
745	1290.000000
747	1350.000000
749	1244.000000
751	1232.000000
753	1280.000000
755	1162.000000
757	1141.000000
759	1232.000000
761	1173.000000
763	1258.000000
765	1188.000000
767	1198.000000
769	1146.000000
771	1162.000000
773	1160.000000
775	1123.000000
777	1154.000000
779	1097.000000
781	1082.000000
783	1186.000000
785	1128.000000
787	1122.000000
789	1104.000000
791	1073.000000
793	1062.000000
795	1107.000000
797	1105.000000
799	1064.000000
801	1067.000000
803	1042.000000
805	1061.000000
807	1013.000000
809	1083.000000
811	996.000000
813	1046.000000
815	989.000000
817	1023.000000
819	1003.000000
821	973.000000
823	984.000000
825	979.000000
827	1018.000000
829	987.000000
831	1002.000000
833	977.000000
835	967.000000
837	954.000000
839	980.000000
841	961.000000
843	981.000000
845	943.000000
847	938.000000
849	924.000000
851	904.000000
853	882.000000
855	913.000000
857	893.000000
859	921.000000
861	900.000000
863	906.000000
865	889.000000
867	903.000000
869	860.000000
871	875.000000
873	863.000000
875	882.000000
877	881.000000
879	869.000000
881	875.000000
883	869.000000
885	850.000000
887	830.000000
889	876.000000
891	858.000000
893	841.000000
895	819.000000
897	865.000000
899	824.000000
901	858.000000
903	866.000000
905	818.000000
907	834.000000
909	850.000000
911	810.000000
913	806.000000
915	862.000000
917	768.000000
919	808.000000
921	855.000000
923	803.000000
925	815.000000
927	858.000000
929	772.000000
931	776.000000
933	850.000000
935	804.000000
937	782.000000
939	831.000000
941	773.000000
943	788.000000
945	828.000000
947	808.000000
949	787.000000
951	745.000000
953	776.000000
955	789.000000
957	788.000000
959	819.000000
961	786.000000
963	773.000000
965	785.000000
967	770.000000
969	804.000000
971	764.000000
973	785.000000
975	814.000000
977	746.000000
979	798.000000
981	798.000000
983	754.000000
985	722.000000
987	775.000000
989	791.000000
991	729.000000
993	707.000000
995	715.000000
997	737.000000
999	714.000000
1001	780.000000
1003	785.000000
1005	793.000000
1007	729.000000
1009	745.000000
1011	770.000000
1013	698.000000
1015	786.000000
1017	761.000000
1019	726.000000
1021	703.000000
1023	727.000000
1025	707.000000
1027	769.000000
1029	752.000000
1031	706.000000
1033	690.000000
1035	719.000000
1037	702.000000
1039	743.000000
1041	704.000000
1043	754.000000
1045	716.000000
1047	755.000000
1049	722.000000
1051	726.000000
1053	691.000000
1055	681.000000
1057	723.000000
1059	723.000000
1061	748.000000
1063	744.000000
1065	690.000000
1067	724.000000
1069	693.000000
1071	684.000000
1073	778.000000
1075	699.000000
1077	731.000000
1079	711.000000
1081	725.000000
1083	684.000000
1085	728.000000
1087	729.000000
1089	738.000000
1091	726.000000
1093	670.000000
1095	738.000000
1097	712.000000
1099	659.000000
1101	682.000000
1103	688.000000
1105	709.000000
1107	703.000000
1109	711.000000
1111	686.000000
1113	673.000000
1115	686.000000
1117	751.000000
1119	666.000000
1121	709.000000
1123	665.000000
1125	651.000000
1127	673.000000
1129	713.000000
1131	673.000000
1133	678.000000
1135	633.000000
1137	696.000000
1139	659.000000
1141	710.000000
1143	687.000000
1145	608.000000
1147	700.000000
1149	669.000000
1151	688.000000
1153	655.000000
1155	682.000000
1157	701.000000
1159	672.000000
1161	636.000000
1163	661.000000
1165	629.000000
1167	645.000000
1169	665.000000
1171	645.000000
1173	725.000000
1175	658.000000
1177	692.000000
1179	654.000000
1181	696.000000
1183	678.000000
1185	689.000000
1187	671.000000
1189	644.000000
1191	690.000000
1193	638.000000
1195	659.000000
1197	677.000000
1199	677.000000
1201	654.000000
1203	681.000000
1205	691.000000
1207	647.000000
1209	656.000000
1211	676.000000
1213	688.000000
1215	639.000000
1217	636.000000
1219	665.000000
1221	706.000000
1223	679.000000
1225	631.000000
1227	676.000000
1229	711.000000
1231	692.000000
1233	667.000000
1235	636.000000
1237	661.000000
1239	603.000000
1241	663.000000
1243	690.000000
1245	668.000000
1247	636.000000
1249	648.000000
1251	631.000000
1253	677.000000
1255	648.000000
1257	617.000000
1259	680.000000
1261	659.000000
1263	648.000000
1265	651.000000
1267	705.000000
1269	651.000000
1271	665.000000
1273	711.000000
1275	646.000000
1277	652.000000
1279	639.000000
1281	649.000000
1283	664.000000
1285	647.000000
1287	612.000000
1289	618.000000
1291	652.000000
1293	630.000000
1295	644.000000
1297	674.000000
1299	638.000000
1301	640.000000
1303	659.000000
1305	647.000000
1307	635.000000
1309	649.000000
1311	632.000000
1313	612.000000
1315	658.000000
1317	684.000000
1319	646.000000
1321	641.000000
1323	637.000000
1325	663.000000
1327	662.000000
1329	622.000000
1331	681.000000
1333	633.000000
1335	630.000000
1337	651.000000
1339	663.000000
1341	640.000000
1343	741.000000
1345	656.000000
1347	681.000000
1349	659.000000
1351	595.000000
1353	655.000000
1355	640.000000
1357	631.000000
1359	651.000000
1361	686.000000
1363	725.000000
1365	623.000000
1367	681.000000
1369	659.000000
1371	679.000000
1373	657.000000
1375	673.000000
1377	685.000000
1379	652.000000
1381	648.000000
1383	680.000000
1385	689.000000
1387	663.000000
1389	637.000000
1391	655.000000
1393	651.000000
1395	634.000000
1397	650.000000
1399	611.000000
1401	644.000000
1403	612.000000
1405	663.000000
1407	649.000000
1409	629.000000
1411	660.000000
1413	662.000000
1415	645.000000
1417	569.000000
1419	620.000000
1421	639.000000
1423	599.000000
1425	618.000000
1427	619.000000
1429	658.000000
1431	659.000000
1433	632.000000
1435	624.000000
1437	610.000000
1439	655.000000
1441	624.000000
1443	620.000000
1445	592.000000
1447	650.000000
1449	628.000000
1451	674.000000
1453	570.000000
1455	662.000000
1457	636.000000
1459	633.000000
1461	640.000000
1463	617.000000
1465	645.000000
1467	564.000000
1469	621.000000
1471	589.000000
1473	618.000000
1475	603.000000
1477	626.000000
1479	606.000000
1481	585.000000
1483	645.000000
1485	610.000000
1487	583.000000
1489	602.000000
1491	619.000000
1493	609.000000
1495	644.000000
1497	604.000000
1499	606.000000
1501	665.000000
1503	565.000000
1505	659.000000
1507	619.000000
1509	620.000000
1511	618.000000
1513	634.000000
1515	622.000000
1517	649.000000
1519	601.000000
1521	602.000000
1523	636.000000
1525	630.000000
1527	623.000000
1529	567.000000
1531	626.000000
1533	642.000000
1535	597.000000
1537	626.000000
1539	618.000000
1541	626.000000
1543	648.000000
1545	576.000000
1547	574.000000
1549	667.000000
1551	634.000000
1553	637.000000
1555	622.000000
1557	655.000000
1559	583.000000
1561	648.000000
1563	601.000000
1565	634.000000
1567	577.000000
1569	607.000000
1571	652.000000
1573	638.000000
1575	634.000000
1577	622.000000
1579	632.000000
1581	592.000000
1583	633.000000
1585	597.000000
1587	594.000000
1589	616.000000
1591	630.000000
1593	607.000000
1595	629.000000
1597	602.000000
1599	604.000000
1601	639.000000
1603	673.000000
1605	602.000000
1607	649.000000
1609	592.000000
1611	636.000000
1613	599.000000
1615	608.000000
1617	647.000000
1619	609.000000
1621	621.000000
1623	590.000000
1625	623.000000
1627	619.000000
1629	596.000000
1631	599.000000
1633	616.000000
1635	618.000000
1637	594.000000
1639	597.000000
1641	655.000000
1643	592.000000
1645	591.000000
1647	617.000000
1649	631.000000
1651	586.000000
1653	607.000000
1655	620.000000
1657	638.000000
1659	626.000000
1661	657.000000
1663	621.000000
1665	604.000000
1667	621.000000
1669	688.000000
1671	616.000000
1673	608.000000
1675	654.000000
1677	595.000000
1679	665.000000
1681	647.000000
1683	669.000000
1685	639.000000
1687	616.000000
1689	600.000000
1691	597.000000
1693	648.000000
1695	605.000000
1697	646.000000
1699	643.000000
1701	637.000000
1703	586.000000
1705	621.000000
1707	599.000000
1709	634.000000
1711	626.000000
1713	630.000000
1715	602.000000
1717	606.000000
1719	599.000000
1721	645.000000
1723	590.000000
1725	599.000000
1727	658.000000
1729	661.000000
1731	621.000000
1733	620.000000
1735	602.000000
1737	614.000000
1739	629.000000
1741	617.000000
1743	629.000000
1745	583.000000
1747	624.000000
1749	619.000000
1751	638.000000
1753	634.000000
1755	579.000000
1757	618.000000
1759	587.000000
1761	600.000000
1763	676.000000
1765	613.000000
1767	600.000000
1769	608.000000
1771	653.000000
1773	602.000000
1775	648.000000
1777	603.000000
1779	640.000000
1781	613.000000
1783	632.000000
1785	629.000000
1787	615.000000
1789	620.000000
1791	685.000000
1793	623.000000
1795	606.000000
1797	630.000000
1799	647.000000
1801	639.000000
1803	593.000000
1805	604.000000
1807	640.000000
1809	654.000000
1811	588.000000
1813	669.000000
1815	638.000000
1817	641.000000
1819	611.000000
1821	659.000000
1823	621.000000
1825	647.000000
1827	619.000000
1829	656.000000
1831	605.000000
1833	637.000000
1835	592.000000
1837	599.000000
1839	617.000000
1841	619.000000
1843	620.000000
1845	610.000000
1847	655.000000
1849	641.000000
1851	639.000000
1853	589.000000
1855	631.000000
1857	637.000000
1859	581.000000
1861	666.000000
1863	626.000000
1865	647.000000
1867	642.000000
1869	641.000000
1871	621.000000
1873	704.000000
1875	651.000000
1877	628.000000
1879	627.000000
1881	612.000000
1883	603.000000
1885	662.000000
1887	644.000000
1889	680.000000
1891	616.000000
1893	638.000000
1895	648.000000
1897	639.000000
1899	648.000000
1901	628.000000
1903	685.000000
1905	600.000000
1907	623.000000
1909	619.000000
1911	643.000000
1913	650.000000
1915	658.000000
1917	652.000000
1919	677.000000
1921	647.000000
1923	633.000000
1925	666.000000
1927	674.000000
1929	691.000000
1931	682.000000
1933	606.000000
1935	638.000000
1937	636.000000
1939	655.000000
1941	622.000000
1943	639.000000
1945	657.000000
1947	628.000000
1949	712.000000
1951	646.000000
1953	675.000000
1955	652.000000
1957	628.000000
1959	663.000000
1961	700.000000
1963	613.000000
1965	667.000000
1967	678.000000
1969	697.000000
1971	641.000000
1973	666.000000
1975	664.000000
1977	626.000000
1979	662.000000
1981	657.000000
1983	632.000000
1985	654.000000
1987	668.000000
1989	700.000000
1991	676.000000
1993	675.000000
1995	650.000000
1997	682.000000
1999	673.000000
2001	698.000000
2003	676.000000
2005	635.000000
2007	664.000000
2009	633.000000
2011	682.000000
2013	673.000000
2015	684.000000
2017	701.000000
2019	687.000000
2021	630.000000
2023	652.000000
2025	636.000000
2027	674.000000
2029	643.000000
2031	710.000000
2033	666.000000
2035	647.000000
2037	689.000000
2039	679.000000
2041	679.000000
2043	651.000000
2045	673.000000
2047	691.000000
2049	653.000000
2051	687.000000
2053	683.000000
2055	716.000000
2057	664.000000
2059	642.000000
2061	695.000000
2063	659.000000
2065	697.000000
2067	706.000000
2069	627.000000
2071	716.000000
2073	663.000000
2075	658.000000
2077	682.000000
2079	700.000000
2081	654.000000
2083	676.000000
2085	718.000000
2087	680.000000
2089	651.000000
2091	708.000000
2093	742.000000
2095	611.000000
2097	668.000000
2099	714.000000
2101	688.000000
2103	662.000000
2105	692.000000
2107	697.000000
2109	730.000000
2111	717.000000
2113	676.000000
2115	692.000000
2117	715.000000
2119	702.000000
2121	701.000000
2123	655.000000
2125	716.000000
2127	694.000000
2129	691.000000
2131	740.000000
2133	692.000000
2135	696.000000
2137	737.000000
2139	729.000000
2141	707.000000
2143	696.000000
2145	702.000000
2147	711.000000
2149	731.000000
2151	772.000000
2153	748.000000
2155	666.000000
2157	716.000000
2159	769.000000
2161	723.000000
2163	714.000000
2165	724.000000
2167	684.000000
2169	705.000000
2171	761.000000
2173	776.000000
2175	714.000000
2177	731.000000
2179	738.000000
2181	724.000000
2183	700.000000
2185	740.000000
2187	714.000000
2189	722.000000
2191	740.000000
2193	718.000000
2195	750.000000
2197	699.000000
2199	780.000000
2201	702.000000
2203	704.000000
2205	756.000000
2207	768.000000
2209	738.000000
2211	794.000000
2213	740.000000
2215	708.000000
2217	706.000000
2219	755.000000
2221	742.000000
2223	770.000000
2225	724.000000
2227	783.000000
2229	727.000000
2231	747.000000
2233	731.000000
2235	761.000000
2237	793.000000
2239	751.000000
2241	802.000000
2243	774.000000
2245	762.000000
2247	730.000000
2249	780.000000
2251	720.000000
2253	709.000000
2255	727.000000
2257	700.000000
2259	834.000000
2261	794.000000
2263	744.000000
2265	747.000000
2267	758.000000
2269	761.000000
2271	754.000000
2273	698.000000
2275	744.000000
2277	740.000000
2279	770.000000
2281	806.000000
2283	766.000000
2285	762.000000
2287	726.000000
2289	787.000000
2291	761.000000
2293	701.000000
2295	725.000000
2297	761.000000
2299	746.000000
2301	738.000000
2303	755.000000
2305	754.000000
2307	761.000000
2309	777.000000
2311	777.000000
2313	749.000000
2315	815.000000
2317	753.000000
2319	747.000000
2321	755.000000
2323	748.000000
2325	727.000000
2327	745.000000
2329	743.000000
2331	736.000000
2333	751.000000
2335	802.000000
2337	763.000000
2339	772.000000
2341	760.000000
2343	757.000000
2345	755.000000
2347	762.000000
2349	787.000000
2351	734.000000
2353	750.000000
2355	721.000000
2357	750.000000
2359	788.000000
2361	697.000000
2363	772.000000
2365	725.000000
2367	772.000000
2369	772.000000
2371	735.000000
2373	755.000000
2375	789.000000
2377	765.000000
2379	747.000000
2381	747.000000
2383	755.000000
2385	734.000000
2387	749.000000
2389	742.000000
2391	767.000000
2393	778.000000
2395	741.000000
2397	751.000000
2399	691.000000
2401	714.000000
2403	756.000000
2405	742.000000
2407	780.000000
2409	722.000000
2411	720.000000
2413	767.000000
2415	737.000000
2417	745.000000
2419	713.000000
2421	737.000000
2423	707.000000
2425	719.000000
2427	715.000000
2429	688.000000
2431	658.000000
2433	700.000000
2435	685.000000
2437	673.000000
2439	662.000000
2441	718.000000
2443	660.000000
2445	692.000000
2447	670.000000
2449	689.000000
2451	692.000000
2453	706.000000
2455	660.000000
2457	661.000000
2459	676.000000
2461	635.000000
2463	671.000000
2465	665.000000
2467	677.000000
2469	625.000000
2471	589.000000
2473	632.000000
2475	683.000000
2477	647.000000
2479	634.000000
2481	632.000000
2483	618.000000
2485	616.000000
2487	627.000000
2489	605.000000
2491	562.000000
2493	621.000000
2495	619.000000
2497	618.000000
2499	595.000000
2501	626.000000
2503	563.000000
2505	561.000000
2507	599.000000
2509	557.000000
2511	555.000000
2513	626.000000
2515	577.000000
2517	576.000000
2519	589.000000
2521	557.000000
2523	551.000000
2525	570.000000
2527	590.000000
2529	533.000000
2531	560.000000
2533	565.000000
2535	545.000000
2537	606.000000
2539	510.000000
2541	535.000000
2543	554.000000
2545	528.000000
2547	551.000000
2549	591.000000
2551	547.000000
2553	507.000000
2555	503.000000
2557	522.000000
2559	572.000000
2561	525.000000
2563	545.000000
2565	524.000000
2567	536.000000
2569	551.000000
2571	560.000000
2573	525.000000
2575	549.000000
2577	538.000000
2579	527.000000
2581	574.000000
2583	514.000000
2585	545.000000
2587	520.000000
2589	507.000000
2591	509.000000
2593	512.000000
2595	537.000000
2597	541.000000
2599	571.000000
2601	496.000000
2603	536.000000
2605	521.000000
2607	505.000000
2609	533.000000
2611	525.000000
2613	528.000000
2615	496.000000
2617	513.000000
2619	506.000000
2621	533.000000
2623	524.000000
2625	534.000000
2627	509.000000
2629	501.000000
2631	486.000000
2633	513.000000
2635	476.000000
2637	487.000000
2639	478.000000
2641	515.000000
2643	508.000000
2645	498.000000
2647	480.000000
2649	492.000000
2651	551.000000
2653	488.000000
2655	493.000000
2657	488.000000
2659	507.000000
2661	539.000000
2663	546.000000
2665	497.000000
2667	480.000000
2669	489.000000
2671	513.000000
2673	481.000000
2675	530.000000
2677	475.000000
2679	470.000000
2681	532.000000
2683	485.000000
2685	485.000000
2687	522.000000
2689	538.000000
2691	484.000000
2693	496.000000
2695	495.000000
2697	441.000000
2699	469.000000
2701	517.000000
2703	491.000000
2705	494.000000
2707	478.000000
2709	468.000000
2711	526.000000
2713	501.000000
2715	486.000000
2717	472.000000
2719	457.000000
2721	468.000000
2723	496.000000
2725	473.000000
2727	466.000000
2729	500.000000
2731	480.000000
2733	447.000000
2735	506.000000
2737	463.000000
2739	451.000000
2741	467.000000
2743	480.000000
2745	453.000000
2747	479.000000
2749	479.000000
2751	505.000000
2753	423.000000
2755	446.000000
2757	468.000000
2759	493.000000
2761	505.000000
2763	484.000000
2765	436.000000
2767	437.000000
2769	437.000000
2771	480.000000
2773	442.000000
2775	433.000000
2777	477.000000
2779	455.000000
2781	451.000000
2783	418.000000
2785	439.000000
2787	396.000000
2789	433.000000
2791	435.000000
2793	423.000000
2795	449.000000
2797	402.000000
2799	458.000000
2801	432.000000
2803	414.000000
2805	420.000000
2807	410.000000
2809	432.000000
2811	381.000000
2813	373.000000
2815	443.000000
2817	440.000000
2819	401.000000
2821	407.000000
2823	403.000000
2825	393.000000
2827	397.000000
2829	356.000000
2831	383.000000
2833	384.000000
2835	402.000000
2837	398.000000
2839	408.000000
2841	392.000000
2843	400.000000
2845	343.000000
2847	388.000000
2849	392.000000
2851	393.000000
2853	427.000000
2855	357.000000
2857	404.000000
2859	374.000000
2861	363.000000
2863	422.000000
2865	427.000000
2867	377.000000
2869	393.000000
2871	413.000000
2873	433.000000
2875	363.000000
2877	467.000000
2879	407.000000
2881	475.000000
2883	392.000000
2885	422.000000
2887	488.000000
2889	484.000000
2891	430.000000
2893	460.000000
2895	478.000000
2897	534.000000
2899	505.000000
2901	485.000000
2903	531.000000
2905	559.000000
2907	544.000000
2909	580.000000
2911	570.000000
2913	574.000000
2915	634.000000
2917	637.000000
2919	691.000000
2921	704.000000
2923	691.000000
2925	734.000000
2927	731.000000
2929	766.000000
2931	780.000000
2933	803.000000
2935	847.000000
2937	828.000000
2939	909.000000
2941	933.000000
2943	980.000000
2945	924.000000
2947	978.000000
2949	994.000000
2951	1097.000000
2953	1096.000000
2955	1118.000000
2957	1173.000000
2959	1194.000000
2961	1216.000000
2963	1238.000000
2965	1203.000000
2967	1267.000000
2969	1320.000000
2971	1483.000000
2973	1489.000000
2975	1494.000000
2977	1577.000000
2979	1527.000000
2981	1572.000000
2983	1622.000000
2985	1737.000000
2987	1674.000000
2989	1747.000000
2991	1798.000000
2993	1782.000000
2995	1790.000000
2997	1873.000000
2999	1914.000000
3001	1917.000000
3003	1966.000000
3005	1979.000000
3007	1958.000000
3009	2063.000000
3011	2171.000000
3013	2134.000000
3015	2098.000000
3017	2211.000000
3019	2234.000000
3021	2260.000000
3023	2238.000000
3025	2182.000000
3027	2260.000000
3029	2296.000000
3031	2315.000000
3033	2255.000000
3035	2396.000000
3037	2325.000000
3039	2435.000000
3041	2400.000000
3043	2361.000000
3045	2367.000000
3047	2374.000000
3049	2406.000000
3051	2366.000000
3053	2468.000000
3055	2359.000000
3057	2374.000000
3059	2395.000000
3061	2367.000000
3063	2304.000000
3065	2421.000000
3067	2376.000000
3069	2336.000000
3071	2222.000000
3073	2320.000000
3075	2271.000000
3077	2212.000000
3079	2234.000000
3081	2264.000000
3083	2187.000000
3085	2142.000000
3087	2082.000000
3089	2034.000000
3091	2047.000000
3093	1934.000000
3095	1988.000000
3097	1946.000000
3099	1884.000000
3101	1909.000000
3103	1934.000000
3105	1771.000000
3107	1769.000000
3109	1707.000000
3111	1676.000000
3113	1696.000000
3115	1627.000000
3117	1541.000000
3119	1585.000000
3121	1523.000000
3123	1527.000000
3125	1472.000000
3127	1377.000000
3129	1308.000000
3131	1340.000000
3133	1357.000000
3135	1306.000000
3137	1268.000000
3139	1176.000000
3141	1124.000000
3143	1109.000000
3145	1021.000000
3147	1056.000000
3149	972.000000
3151	1018.000000
3153	936.000000
3155	908.000000
3157	842.000000
3159	809.000000
3161	795.000000
3163	765.000000
3165	769.000000
3167	705.000000
3169	729.000000
3171	658.000000
3173	619.000000
3175	599.000000
3177	570.000000
3179	546.000000
3181	596.000000
3183	485.000000
3185	493.000000
3187	488.000000
3189	470.000000
3191	435.000000
3193	446.000000
3195	414.000000
3197	410.000000
3199	381.000000
3201	346.000000
3203	356.000000
3205	330.000000
3207	326.000000
3209	321.000000
3211	305.000000
3213	267.000000
3215	260.000000
3217	257.000000
3219	255.000000
3221	255.000000
3223	213.000000
3225	218.000000
3227	231.000000
3229	220.000000
3231	240.000000
3233	170.000000
3235	197.000000
3237	184.000000
3239	168.000000
3241	172.000000
3243	202.000000
3245	167.000000
3247	175.000000
3249	198.000000
3251	170.000000
3253	167.000000
3255	183.000000
3257	182.000000
3259	180.000000
3261	160.000000
3263	202.000000
3265	182.000000
3267	186.000000
3269	174.000000
3271	182.000000
3273	176.000000
3275	218.000000
3277	225.000000
3279	222.000000
3281	208.000000
3283	258.000000
3285	242.000000
3287	264.000000
3289	288.000000
3291	280.000000
3293	308.000000
3295	298.000000
3297	261.000000
3299	319.000000
3301	320.000000
3303	318.000000
3305	356.000000
3307	369.000000
3309	401.000000
3311	387.000000
3313	445.000000
3315	426.000000
3317	437.000000
3319	463.000000
3321	474.000000
3323	489.000000
3325	533.000000
3327	558.000000
3329	569.000000
3331	627.000000
3333	619.000000
3335	645.000000
3337	629.000000
3339	715.000000
3341	668.000000
3343	756.000000
3345	773.000000
3347	806.000000
3349	810.000000
3351	846.000000
3353	879.000000
3355	918.000000
3357	949.000000
3359	963.000000
3361	1024.000000
3363	1039.000000
3365	1049.000000
3367	1021.000000
3369	1089.000000
3371	1152.000000
3373	1123.000000
3375	1195.000000
3377	1249.000000
3379	1271.000000
3381	1256.000000
3383	1237.000000
3385	1321.000000
3387	1418.000000
3389	1371.000000
3391	1468.000000
3393	1475.000000
3395	1440.000000
3397	1553.000000
3399	1600.000000
3401	1560.000000
3403	1551.000000
3405	1593.000000
3407	1691.000000
3409	1700.000000
3411	1647.000000
3413	1701.000000
3415	1720.000000
3417	1737.000000
3419	1781.000000
3421	1780.000000
3423	1846.000000
3425	1876.000000
3427	1959.000000
3429	1930.000000
3431	1883.000000
3433	1871.000000
3435	1971.000000
3437	1925.000000
3439	1945.000000
3441	1993.000000
3443	1937.000000
3445	1933.000000
3447	2017.000000
3449	2021.000000
3451	1983.000000
3453	1960.000000
3455	1948.000000
3457	1993.000000
3459	1983.000000
3461	1888.000000
3463	1932.000000
3465	1884.000000
3467	1878.000000
3469	1920.000000
3471	1898.000000
3473	1939.000000
3475	1886.000000
3477	1883.000000
3479	1883.000000
3481	1803.000000
3483	1851.000000
3485	1871.000000
3487	1758.000000
3489	1741.000000
3491	1716.000000
3493	1654.000000
3495	1726.000000
3497	1620.000000
3499	1609.000000
3501	1497.000000
3503	1617.000000
3505	1560.000000
3507	1472.000000
3509	1418.000000
3511	1399.000000
3513	1470.000000
3515	1377.000000
3517	1357.000000
3519	1394.000000
3521	1371.000000
3523	1251.000000
3525	1255.000000
3527	1238.000000
3529	1210.000000
3531	1148.000000
3533	1121.000000
3535	1170.000000
3537	1144.000000
3539	1017.000000
3541	1005.000000
3543	984.000000
3545	1031.000000
3547	961.000000
3549	914.000000
3551	930.000000
3553	873.000000
3555	836.000000
3557	766.000000
3559	774.000000
3561	735.000000
3563	649.000000
3565	697.000000
3567	655.000000
3569	636.000000
3571	628.000000
3573	628.000000
3575	533.000000
3577	551.000000
3579	558.000000
3581	525.000000
3583	499.000000
3585	457.000000
3587	485.000000
3589	404.000000
3591	427.000000
3593	409.000000
3595	391.000000
3597	354.000000
3599	367.000000
3601	351.000000
3603	341.000000
3605	318.000000
3607	293.000000
3609	298.000000
3611	277.000000
3613	272.000000
3615	244.000000
3617	253.000000
3619	212.000000
3621	225.000000
3623	197.000000
3625	209.000000
3627	192.000000
3629	176.000000
3631	173.000000
3633	155.000000
3635	155.000000
3637	125.000000
3639	147.000000
3641	135.000000
3643	135.000000
3645	116.000000
3647	121.000000
3649	109.000000
3651	93.000000
3653	115.000000
3655	79.000000
3657	97.000000
3659	97.000000
3661	90.000000
3663	73.000000
3665	86.000000
3667	79.000000
3669	71.000000
3671	61.000000
3673	78.000000
3675	69.000000
3677	70.000000
3679	61.000000
3681	58.000000
3683	65.000000
3685	65.000000
3687	65.000000
3689	54.000000
3691	42.000000
3693	54.000000
3695	51.000000
3697	58.000000
3699	53.000000
3701	45.000000
3703	47.000000
3705	41.000000
3707	43.000000
3709	40.000000
3711	34.000000
3713	42.000000
3715	37.000000
3717	41.000000
3719	37.000000
3721	29.000000
3723	35.000000
3725	37.000000
3727	32.000000
3729	36.000000
3731	31.000000
3733	24.000000
3735	35.000000
3737	30.000000
3739	40.000000
3741	43.000000
3743	40.000000
3745	41.000000
3747	38.000000
3749	26.000000
3751	28.000000
3753	32.000000
3755	22.000000
3757	34.000000
3759	27.000000
3761	27.000000
3763	43.000000
3765	30.000000
3767	31.000000
3769	26.000000
3771	33.000000
3773	25.000000
3775	28.000000
3777	27.000000
3779	27.000000
3781	27.000000
3783	31.000000
3785	20.000000
3787	22.000000
3789	32.000000
3791	29.000000
3793	31.000000
3795	23.000000
3797	28.000000
3799	30.000000
3801	23.000000
3803	24.000000
3805	25.000000
3807	34.000000
3809	29.000000
3811	34.000000
3813	31.000000
3815	26.000000
3817	28.000000
3819	28.000000
3821	27.000000
3823	38.000000
3825	30.000000
3827	30.000000
3829	26.000000
3831	29.000000
3833	35.000000
3835	22.000000
3837	31.000000
3839	25.000000
3841	30.000000
3843	26.000000
3845	28.000000
3847	29.000000
3849	31.000000
3851	21.000000
3853	25.000000
3855	24.000000
3857	23.000000
3859	26.000000
3861	36.000000
3863	24.000000
3865	24.000000
3867	29.000000
3869	29.000000
3871	28.000000
3873	23.000000
3875	32.000000
3877	29.000000
3879	30.000000
3881	24.000000
3883	25.000000
3885	35.000000
3887	11.000000
3889	21.000000
3891	30.000000
3893	14.000000
3895	30.000000
3897	23.000000
3899	19.000000
3901	34.000000
3903	24.000000
3905	26.000000
3907	32.000000
3909	23.000000
3911	33.000000
3913	28.000000
3915	33.000000
3917	20.000000
3919	28.000000
3921	26.000000
3923	21.000000
3925	24.000000
3927	29.000000
3929	29.000000
3931	24.000000
3933	28.000000
3935	25.000000
3937	32.000000
3939	24.000000
3941	20.000000
3943	34.000000
3945	29.000000
3947	22.000000
3949	32.000000
3951	19.000000
3953	34.000000
3955	27.000000
3957	22.000000
3959	23.000000
3961	23.000000
3963	23.000000
3965	25.000000
3967	40.000000
3969	19.000000
3971	22.000000
3973	20.000000
3975	30.000000
3977	27.000000
3979	28.000000
3981	31.000000
3983	21.000000
3985	31.000000
3987	26.000000
3989	23.000000
3991	24.000000
3993	25.000000
3995	16.000000
3997	15.000000
3999	17.000000
4001	37.000000
4003	20.000000
4005	19.000000
4007	28.000000
4009	32.000000
4011	20.000000
4013	34.000000
4015	30.000000
4017	26.000000
4019	24.000000
4021	20.000000
4023	30.000000
4025	25.000000
4027	28.000000
4029	25.000000
4031	24.000000
4033	23.000000
4035	28.000000
4037	26.000000
4039	27.000000
4041	30.000000
4043	36.000000
4045	19.000000
4047	28.000000
4049	30.000000
4051	27.000000
4053	26.000000
4055	25.000000
4057	35.000000
4059	20.000000
4061	20.000000
4063	21.000000
4065	30.000000
4067	17.000000
4069	23.000000
4071	20.000000
4073	20.000000
4075	21.000000
4077	23.000000
4079	34.000000
4081	29.000000
4083	29.000000
4085	28.000000
4087	28.000000
4089	25.000000
4091	35.000000
4093	17.000000
4095	22.000000
4097	20.000000
4099	25.000000
4101	19.000000
4103	25.000000
4105	31.000000
4107	23.000000
4109	20.000000
4111	34.000000
4113	19.000000
4115	25.000000
4117	28.000000
4119	31.000000
4121	27.000000
4123	22.000000
4125	26.000000
4127	26.000000
4129	25.000000
4131	21.000000
4133	30.000000
4135	12.000000
4137	27.000000
4139	34.000000
4141	25.000000
4143	31.000000
4145	34.000000
4147	29.000000
4149	24.000000
4151	20.000000
4153	31.000000
4155	23.000000
4157	18.000000
4159	18.000000
4161	29.000000
4163	25.000000
4165	24.000000
4167	17.000000
4169	21.000000
4171	19.000000
4173	20.000000
4175	23.000000
4177	15.000000
4179	14.000000
4181	29.000000
4183	25.000000
4185	25.000000
4187	12.000000
4189	18.000000
4191	15.000000
4193	27.000000
4195	20.000000
4197	37.000000
4199	15.000000
4201	13.000000
4203	18.000000
4205	22.000000
4207	21.000000
4209	25.000000
4211	20.000000
4213	22.000000
4215	18.000000
4217	18.000000
4219	23.000000
4221	20.000000
4223	22.000000
4225	19.000000
4227	18.000000
4229	19.000000
4231	19.000000
4233	26.000000
4235	18.000000
4237	23.000000
4239	32.000000
4241	21.000000
4243	18.000000
4245	27.000000
4247	25.000000
4249	22.000000
4251	28.000000
4253	16.000000
4255	18.000000
4257	16.000000
4259	19.000000
4261	21.000000
4263	17.000000
4265	19.000000
4267	23.000000
4269	25.000000
4271	19.000000
4273	24.000000
4275	13.000000
4277	23.000000
4279	17.000000
4281	20.000000
4283	16.000000
4285	17.000000
4287	21.000000
4289	14.000000
4291	26.000000
4293	27.000000
4295	19.000000
4297	23.000000
4299	18.000000
4301	20.000000
4303	22.000000
4305	18.000000
4307	23.000000
4309	15.000000
4311	12.000000
4313	20.000000
4315	12.000000
4317	26.000000
4319	23.000000
4321	26.000000
4323	26.000000
4325	21.000000
4327	13.000000
4329	19.000000
4331	18.000000
4333	24.000000
4335	22.000000
4337	24.000000
4339	20.000000
4341	18.000000
4343	16.000000
4345	19.000000
4347	18.000000
4349	20.000000
4351	21.000000
4353	26.000000
4355	17.000000
4357	17.000000
4359	9.000000
4361	12.000000
4363	16.000000
4365	13.000000
4367	31.000000
4369	22.000000
4371	18.000000
4373	22.000000
4375	10.000000
4377	22.000000
4379	14.000000
4381	19.000000
4383	17.000000
4385	17.000000
4387	16.000000
4389	13.000000
4391	19.000000
4393	20.000000
4395	26.000000
4397	18.000000
4399	15.000000
4401	23.000000
4403	10.000000
4405	18.000000
4407	28.000000
4409	25.000000
4411	18.000000
4413	22.000000
4415	25.000000
4417	24.000000
4419	19.000000
4421	15.000000
4423	19.000000
4425	15.000000
4427	14.000000
4429	24.000000
4431	10.000000
4433	21.000000
4435	17.000000
4437	17.000000
4439	18.000000
4441	15.000000
4443	18.000000
4445	13.000000
4447	14.000000
4449	23.000000
4451	18.000000
4453	14.000000
4455	15.000000
4457	18.000000
4459	28.000000
4461	23.000000
4463	20.000000
4465	7.000000
4467	21.000000
4469	11.000000
4471	13.000000
4473	18.000000
4475	15.000000
4477	8.000000
4479	17.000000
4481	15.000000
4483	15.000000
4485	20.000000
4487	7.000000
4489	11.000000
4491	16.000000
4493	19.000000
4495	16.000000
4497	23.000000
4499	16.000000
4501	22.000000
4503	15.000000
4505	14.000000
4507	12.000000
4509	24.000000
4511	14.000000
4513	14.000000
4515	15.000000
4517	17.000000
4519	17.000000
4521	14.000000
4523	17.000000
4525	10.000000
4527	18.000000
4529	20.000000
4531	17.000000
4533	12.000000
4535	14.000000
4537	21.000000
4539	17.000000
4541	19.000000
4543	20.000000
4545	14.000000
4547	18.000000
4549	13.000000
4551	13.000000
4553	17.000000
4555	12.000000
4557	15.000000
4559	18.000000
4561	15.000000
4563	13.000000
4565	19.000000
4567	15.000000
4569	16.000000
4571	21.000000
4573	16.000000
4575	17.000000
4577	17.000000
4579	17.000000
4581	20.000000
4583	17.000000
4585	17.000000
4587	12.000000
4589	11.000000
4591	15.000000
4593	24.000000
4595	16.000000
4597	22.000000
4599	21.000000
4601	12.000000
4603	20.000000
4605	14.000000
4607	13.000000
4609	17.000000
4611	16.000000
4613	23.000000
4615	23.000000
4617	18.000000
4619	19.000000
4621	18.000000
4623	7.000000
4625	26.000000
4627	19.000000
4629	13.000000
4631	18.000000
4633	17.000000
4635	14.000000
4637	17.000000
4639	18.000000
4641	15.000000
4643	16.000000
4645	16.000000
4647	7.000000
4649	9.000000
4651	14.000000
4653	14.000000
4655	19.000000
4657	10.000000
4659	12.000000
4661	12.000000
4663	9.000000
4665	26.000000
4667	16.000000
4669	15.000000
4671	20.000000
4673	17.000000
4675	10.000000
4677	13.000000
4679	12.000000
4681	10.000000
4683	13.000000
4685	19.000000
4687	17.000000
4689	14.000000
4691	16.000000
4693	19.000000
4695	15.000000
4697	11.000000
4699	17.000000
4701	13.000000
4703	11.000000
4705	18.000000
4707	15.000000
4709	14.000000
4711	18.000000
4713	13.000000
4715	13.000000
4717	13.000000
4719	15.000000
4721	16.000000
4723	10.000000
4725	26.000000
4727	17.000000
4729	12.000000
4731	19.000000
4733	15.000000
4735	9.000000
4737	11.000000
4739	13.000000
4741	16.000000
4743	11.000000
4745	13.000000
4747	12.000000
4749	18.000000
4751	23.000000
4753	15.000000
4755	17.000000
4757	10.000000
4759	12.000000
4761	12.000000
4763	12.000000
4765	14.000000
4767	13.000000
4769	16.000000
4771	17.000000
4773	15.000000
4775	20.000000
4777	15.000000
4779	20.000000
4781	14.000000
4783	18.000000
4785	13.000000
4787	7.000000
4789	17.000000
4791	12.000000
4793	21.000000
4795	15.000000
4797	18.000000
4799	21.000000
4801	14.000000
4803	17.000000
4805	19.000000
4807	20.000000
4809	17.000000
4811	11.000000
4813	14.000000
4815	19.000000
4817	14.000000
4819	6.000000
4821	12.000000
4823	19.000000
4825	14.000000
4827	10.000000
4829	13.000000
4831	14.000000
4833	17.000000
4835	10.000000
4837	15.000000
4839	16.000000
4841	13.000000
4843	14.000000
4845	13.000000
4847	12.000000
4849	11.000000
4851	13.000000
4853	19.000000
4855	17.000000
4857	19.000000
4859	9.000000
4861	8.000000
4863	14.000000
4865	17.000000
4867	9.000000
4869	10.000000
4871	9.000000
4873	11.000000
4875	20.000000
4877	11.000000
4879	18.000000
4881	16.000000
4883	15.000000
4885	19.000000
4887	13.000000
4889	11.000000
4891	15.000000
4893	13.000000
4895	15.000000
4897	15.000000
4899	13.000000
4901	9.000000
4903	16.000000
4905	12.000000
4907	14.000000
4909	13.000000
4911	12.000000
4913	28.000000
4915	13.000000
4917	11.000000
4919	12.000000
4921	9.000000
4923	10.000000
4925	12.000000
4927	17.000000
4929	9.000000
4931	24.000000
4933	14.000000
4935	12.000000
4937	16.000000
4939	16.000000
4941	8.000000
4943	15.000000
4945	15.000000
4947	16.000000
4949	11.000000
4951	11.000000
4953	14.000000
4955	13.000000
4957	12.000000
4959	15.000000
4961	12.000000
4963	13.000000
4965	22.000000
4967	20.000000
4969	20.000000
4971	8.000000
4973	18.000000
4975	12.000000
4977	10.000000
4979	6.000000
4981	12.000000
4983	12.000000
4985	21.000000
4987	16.000000
4989	20.000000
4991	10.000000
4993	12.000000
4995	7.000000
4997	16.000000
4999	19.000000
5001	13.000000
5003	8.000000
5005	12.000000
5007	19.000000
5009	18.000000
5011	9.000000
5013	12.000000
5015	12.000000
5017	15.000000
5019	16.000000
5021	17.000000
5023	12.000000
5025	12.000000
5027	5.000000
5029	15.000000
5031	8.000000
5033	17.000000
5035	20.000000
5037	17.000000
5039	24.000000
5041	16.000000
5043	12.000000
5045	5.000000
5047	15.000000
5049	16.000000
5051	7.000000
5053	13.000000
5055	19.000000
5057	14.000000
5059	12.000000
5061	8.000000
5063	12.000000
5065	15.000000
5067	12.000000
5069	9.000000
5071	13.000000
5073	6.000000
5075	12.000000
5077	5.000000
5079	9.000000
5081	25.000000
5083	11.000000
5085	16.000000
5087	12.000000
5089	13.000000
5091	10.000000
5093	15.000000
5095	21.000000
5097	13.000000
5099	9.000000
5101	14.000000
5103	12.000000
5105	14.000000
5107	14.000000
5109	15.000000
5111	15.000000
5113	16.000000
5115	14.000000
5117	11.000000
5119	13.000000
5121	13.000000
5123	9.000000
5125	16.000000
5127	11.000000
5129	9.000000
5131	17.000000
5133	14.000000
5135	13.000000
5137	14.000000
5139	7.000000
5141	12.000000
5143	17.000000
5145	12.000000
5147	10.000000
5149	11.000000
5151	15.000000
5153	13.000000
5155	8.000000
5157	16.000000
5159	6.000000
5161	16.000000
5163	17.000000
5165	17.000000
5167	11.000000
5169	15.000000
5171	13.000000
5173	10.000000
5175	13.000000
5177	11.000000
5179	9.000000
5181	20.000000
5183	15.000000
5185	16.000000
5187	11.000000
5189	16.000000
5191	13.000000
5193	14.000000
5195	18.000000
5197	13.000000
5199	11.000000
5201	18.000000
5203	10.000000
5205	7.000000
5207	10.000000
5209	14.000000
5211	13.000000
5213	12.000000
5215	10.000000
5217	14.000000
5219	15.000000
5221	7.000000
5223	10.000000
5225	11.000000
5227	13.000000
5229	6.000000
5231	8.000000
5233	9.000000
5235	13.000000
5237	13.000000
5239	12.000000
5241	20.000000
5243	8.000000
5245	16.000000
5247	11.000000
5249	11.000000
5251	7.000000
5253	14.000000
5255	12.000000
5257	17.000000
5259	15.000000
5261	9.000000
5263	16.000000
5265	16.000000
5267	13.000000
5269	7.000000
5271	17.000000
5273	16.000000
5275	12.000000
5277	20.000000
5279	9.000000
5281	18.000000
5283	12.000000
5285	11.000000
5287	14.000000
5289	16.000000
5291	12.000000
5293	14.000000
5295	15.000000
5297	5.000000
5299	12.000000
5301	12.000000
5303	13.000000
5305	17.000000
5307	14.000000
5309	11.000000
5311	19.000000
5313	9.000000
5315	14.000000
5317	13.000000
5319	12.000000
5321	10.000000
5323	16.000000
5325	9.000000
5327	12.000000
5329	10.000000
5331	9.000000
5333	10.000000
5335	18.000000
5337	11.000000
5339	19.000000
5341	12.000000
5343	14.000000
5345	17.000000
5347	17.000000
5349	16.000000
5351	13.000000
5353	14.000000
5355	11.000000
5357	10.000000
5359	9.000000
5361	9.000000
5363	11.000000
5365	16.000000
5367	17.000000
5369	12.000000
5371	8.000000
5373	12.000000
5375	12.000000
5377	8.000000
5379	11.000000
5381	5.000000
5383	12.000000
5385	17.000000
5387	17.000000
5389	12.000000
5391	11.000000
5393	6.000000
5395	16.000000
5397	11.000000
5399	10.000000
5401	9.000000
5403	9.000000
5405	6.000000
5407	9.000000
5409	11.000000
5411	6.000000
5413	13.000000
5415	11.000000
5417	11.000000
5419	14.000000
5421	15.000000
5423	13.000000
5425	12.000000
5427	11.000000
5429	10.000000
5431	7.000000
5433	16.000000
5435	11.000000
5437	4.000000
5439	19.000000
5441	13.000000
5443	11.000000
5445	15.000000
5447	13.000000
5449	10.000000
5451	12.000000
5453	8.000000
5455	10.000000
5457	11.000000
5459	13.000000
5461	12.000000
5463	11.000000
5465	13.000000
5467	16.000000
5469	13.000000
5471	9.000000
5473	4.000000
5475	12.000000
5477	6.000000
5479	11.000000
5481	16.000000
5483	12.000000
5485	10.000000
5487	12.000000
5489	10.000000
5491	15.000000
5493	10.000000
5495	5.000000
5497	10.000000
5499	12.000000
5501	9.000000
5503	14.000000
5505	9.000000
5507	13.000000
5509	11.000000
5511	13.000000
5513	12.000000
5515	14.000000
5517	12.000000
5519	7.000000
5521	10.000000
5523	8.000000
5525	11.000000
5527	14.000000
5529	10.000000
5531	19.000000
5533	9.000000
5535	7.000000
5537	10.000000
5539	18.000000
5541	12.000000
5543	17.000000
5545	9.000000
5547	11.000000
5549	12.000000
5551	8.000000
5553	11.000000
5555	11.000000
5557	9.000000
5559	13.000000
5561	8.000000
5563	9.000000
5565	6.000000
5567	7.000000
5569	11.000000
5571	13.000000
5573	9.000000
5575	10.000000
5577	14.000000
5579	5.000000
5581	13.000000
5583	13.000000
5585	13.000000
5587	15.000000
5589	18.000000
5591	15.000000
5593	13.000000
5595	7.000000
5597	11.000000
5599	9.000000
5601	10.000000
5603	8.000000
5605	19.000000
5607	10.000000
5609	9.000000
5611	5.000000
5613	14.000000
5615	15.000000
5617	12.000000
5619	6.000000
5621	15.000000
5623	13.000000
5625	14.000000
5627	13.000000
5629	13.000000
5631	14.000000
5633	9.000000
5635	12.000000
5637	10.000000
5639	11.000000
5641	11.000000
5643	13.000000
5645	12.000000
5647	14.000000
5649	7.000000
5651	6.000000
5653	8.000000
5655	12.000000
5657	10.000000
5659	12.000000
5661	15.000000
5663	13.000000
5665	18.000000
5667	15.000000
5669	14.000000
5671	8.000000
5673	11.000000
5675	8.000000
5677	17.000000
5679	15.000000
5681	12.000000
5683	10.000000
5685	13.000000
5687	19.000000
5689	12.000000
5691	6.000000
5693	7.000000
5695	15.000000
5697	14.000000
5699	12.000000
5701	10.000000
5703	7.000000
5705	14.000000
5707	10.000000
5709	12.000000
5711	11.000000
5713	13.000000
5715	7.000000
5717	13.000000
5719	7.000000
5721	9.000000
5723	13.000000
5725	16.000000
5727	16.000000
5729	8.000000
5731	15.000000
5733	6.000000
5735	10.000000
5737	12.000000
5739	10.000000
5741	8.000000
5743	11.000000
5745	11.000000
5747	9.000000
5749	13.000000
5751	11.000000
5753	15.000000
5755	15.000000
5757	14.000000
5759	14.000000
5761	11.000000
5763	12.000000
5765	13.000000
5767	14.000000
5769	16.000000
5771	12.000000
5773	14.000000
5775	14.000000
5777	15.000000
5779	9.000000
5781	19.000000
5783	15.000000
5785	11.000000
5787	13.000000
5789	5.000000
5791	10.000000
5793	11.000000
5795	5.000000
5797	6.000000
5799	18.000000
5801	10.000000
5803	7.000000
5805	8.000000
5807	6.000000
5809	15.000000
5811	10.000000
5813	4.000000
5815	15.000000
5817	11.000000
5819	7.000000
5821	9.000000
5823	10.000000
5825	14.000000
5827	12.000000
5829	11.000000
5831	10.000000
5833	8.000000
5835	11.000000
5837	13.000000
5839	9.000000
5841	7.000000
5843	7.000000
5845	12.000000
5847	14.000000
5849	7.000000
5851	5.000000
5853	11.000000
5855	8.000000
5857	13.000000
5859	12.000000
5861	15.000000
5863	7.000000
5865	9.000000
5867	8.000000
5869	9.000000
5871	8.000000
5873	12.000000
5875	4.000000
5877	13.000000
5879	9.000000
5881	9.000000
5883	9.000000
5885	13.000000
5887	10.000000
5889	9.000000
5891	6.000000
5893	8.000000
5895	7.000000
5897	13.000000
5899	15.000000
5901	10.000000
5903	6.000000
5905	11.000000
5907	13.000000
5909	7.000000
5911	2.000000
5913	14.000000
5915	7.000000
5917	5.000000
5919	9.000000
5921	7.000000
5923	8.000000
5925	11.000000
5927	5.000000
5929	8.000000
5931	11.000000
5933	9.000000
5935	10.000000
5937	5.000000
5939	8.000000
5941	5.000000
5943	14.000000
5945	5.000000
5947	10.000000
5949	3.000000
5951	10.000000
5953	5.000000
5955	9.000000
5957	8.000000
5959	7.000000
5961	7.000000
5963	8.000000
5965	6.000000
5967	4.000000
5969	9.000000
5971	6.000000
5973	6.000000
5975	11.000000
5977	8.000000
5979	5.000000
5981	9.000000
5983	3.000000
5985	5.000000
5987	8.000000
5989	14.000000
5991	8.000000
5993	7.000000
5995	10.000000
5997	7.000000
5999	8.000000
6001	4.000000
6003	6.000000
6005	7.000000
6007	6.000000
6009	3.000000
6011	13.000000
6013	10.000000
6015	3.000000
6017	6.000000
6019	7.000000
6021	3.000000
6023	4.000000
6025	15.000000
6027	5.000000
6029	7.000000
6031	11.000000
6033	5.000000
6035	3.000000
6037	4.000000
6039	8.000000
6041	9.000000
6043	7.000000
6045	5.000000
6047	3.000000
6049	3.000000
6051	8.000000
6053	3.000000
6055	3.000000
6057	2.000000
6059	6.000000
6061	5.000000
6063	9.000000
6065	6.000000
6067	3.000000
6069	7.000000
6071	9.000000
6073	5.000000
6075	5.000000
6077	6.000000
6079	5.000000
6081	4.000000
6083	5.000000
6085	3.000000
6087	6.000000
6089	4.000000
6091	5.000000
6093	5.000000
6095	3.000000
6097	3.000000
6099	5.000000
6101	3.000000
6103	2.000000
6105	4.000000
6107	5.000000
6109	5.000000
6111	5.000000
6113	6.000000
6115	9.000000
6117	8.000000
6119	6.000000
6121	4.000000
6123	4.000000
6125	6.000000
6127	9.000000
6129	6.000000
6131	10.000000
6133	1.000000
6135	0.000000
6137	2.000000
6139	11.000000
6141	3.000000
6143	5.000000
6145	6.000000
6147	1.000000
6149	2.000000
6151	2.000000
6153	3.000000
6155	5.000000
6157	6.000000
6159	5.000000
6161	3.000000
6163	4.000000
6165	3.000000
6167	4.000000
6169	5.000000
6171	6.000000
6173	6.000000
6175	1.000000
6177	6.000000
6179	5.000000
6181	1.000000
6183	2.000000
6185	3.000000
6187	3.000000
6189	2.000000
6191	8.000000
6193	5.000000
6195	1.000000
6197	9.000000
6199	4.000000
6201	6.000000
6203	3.000000
6205	3.000000
6207	6.000000
6209	3.000000
6211	2.000000
6213	0.000000
6215	5.000000
6217	8.000000
6219	1.000000
6221	6.000000
6223	3.000000
6225	3.000000
6227	5.000000
6229	4.000000
6231	6.000000
6233	4.000000
6235	2.000000
6237	2.000000
6239	5.000000
6241	1.000000
6243	5.000000
6245	5.000000
6247	5.000000
6249	2.000000
6251	6.000000
6253	6.000000
6255	4.000000
6257	1.000000
6259	4.000000
6261	7.000000
6263	4.000000
6265	5.000000
6267	3.000000
6269	6.000000
6271	6.000000
6273	10.000000
6275	3.000000
6277	2.000000
6279	6.000000
6281	3.000000
6283	8.000000
6285	5.000000
6287	3.000000
6289	4.000000
6291	4.000000
6293	8.000000
6295	4.000000
6297	5.000000
6299	10.000000
6301	9.000000
6303	7.000000
6305	3.000000
6307	6.000000
6309	4.000000
6311	3.000000
6313	6.000000
6315	5.000000
6317	8.000000
6319	10.000000
6321	12.000000
6323	8.000000
6325	7.000000
6327	9.000000
6329	14.000000
6331	6.000000
6333	8.000000
6335	9.000000
6337	14.000000
6339	7.000000
6341	13.000000
6343	5.000000
6345	8.000000
6347	11.000000
6349	17.000000
6351	10.000000
6353	7.000000
6355	8.000000
6357	13.000000
6359	10.000000
6361	16.000000
6363	6.000000
6365	6.000000
6367	12.000000
6369	13.000000
6371	11.000000
6373	13.000000
6375	12.000000
6377	10.000000
6379	8.000000
6381	9.000000
6383	17.000000
6385	16.000000
6387	16.000000
6389	12.000000
6391	9.000000
6393	10.000000
6395	11.000000
6397	14.000000
6399	12.000000
6401	16.000000
6403	13.000000
6405	15.000000
6407	12.000000
6409	15.000000
6411	14.000000
6413	18.000000
6415	15.000000
6417	17.000000
6419	11.000000
6421	10.000000
6423	21.000000
6425	21.000000
6427	13.000000
6429	15.000000
6431	15.000000
6433	15.000000
6435	14.000000
6437	11.000000
6439	17.000000
6441	20.000000
6443	18.000000
6445	19.000000
6447	24.000000
6449	16.000000
6451	20.000000
6453	19.000000
6455	10.000000
6457	10.000000
6459	14.000000
6461	15.000000
6463	12.000000
6465	23.000000
6467	25.000000
6469	21.000000
6471	15.000000
6473	11.000000
6475	16.000000
6477	21.000000
6479	23.000000
6481	20.000000
6483	12.000000
6485	23.000000
6487	15.000000
6489	12.000000
6491	16.000000
6493	14.000000
6495	11.000000
6497	18.000000
6499	15.000000
6501	9.000000
6503	19.000000
6505	15.000000
6507	13.000000
6509	13.000000
6511	19.000000
6513	11.000000
6515	11.000000
6517	14.000000
6519	12.000000
6521	14.000000
6523	9.000000
6525	24.000000
6527	19.000000
6529	14.000000
6531	10.000000
6533	12.000000
6535	13.000000
6537	13.000000
6539	10.000000
6541	21.000000
6543	9.000000
6545	15.000000
6547	20.000000
6549	12.000000
6551	7.000000
6553	16.000000
6555	16.000000
6557	12.000000
6559	11.000000
6561	11.000000
6563	14.000000
6565	11.000000
6567	8.000000
6569	10.000000
6571	16.000000
6573	10.000000
6575	12.000000
6577	6.000000
6579	12.000000
6581	6.000000
6583	13.000000
6585	10.000000
6587	14.000000
6589	16.000000
6591	5.000000
6593	7.000000
6595	10.000000
6597	9.000000
6599	8.000000
6601	11.000000
6603	5.000000
6605	7.000000
6607	4.000000
6609	4.000000
6611	9.000000
6613	9.000000
6615	6.000000
6617	6.000000
6619	4.000000
6621	5.000000
6623	10.000000
6625	6.000000
6627	7.000000
6629	5.000000
6631	4.000000
6633	3.000000
6635	6.000000
6637	3.000000
6639	4.000000
6641	5.000000
6643	5.000000
6645	2.000000
6647	6.000000
6649	3.000000
6651	6.000000
6653	2.000000
6655	5.000000
6657	4.000000
6659	6.000000
6661	2.000000
6663	7.000000
6665	3.000000
6667	4.000000
6669	7.000000
6671	4.000000
6673	3.000000
6675	3.000000
6677	1.000000
6679	4.000000
6681	4.000000
6683	2.000000
6685	3.000000
6687	5.000000
6689	2.000000
6691	3.000000
6693	5.000000
6695	3.000000
6697	1.000000
6699	2.000000
6701	0.000000
6703	3.000000
6705	2.000000
6707	4.000000
6709	3.000000
6711	0.000000
6713	4.000000
6715	4.000000
6717	3.000000
6719	4.000000
6721	1.000000
6723	1.000000
6725	0.000000
6727	5.000000
6729	1.000000
6731	2.000000
6733	2.000000
6735	3.000000
6737	2.000000
6739	2.000000
6741	3.000000
6743	1.000000
6745	1.000000
6747	2.000000
6749	1.000000
6751	3.000000
6753	2.000000
6755	1.000000
6757	2.000000
6759	0.000000
6761	0.000000
6763	3.000000
6765	2.000000
6767	1.000000
6769	5.000000
6771	0.000000
6773	1.000000
6775	1.000000
6777	3.000000
6779	1.000000
6781	2.000000
6783	0.000000
6785	0.000000
6787	1.000000
6789	2.000000
6791	1.000000
6793	2.000000
6795	0.000000
6797	2.000000
6799	2.000000
6801	1.000000
6803	1.000000
6805	1.000000
6807	1.000000
6809	2.000000
6811	1.000000
6813	2.000000
6815	1.000000
6817	5.000000
6819	3.000000
6821	0.000000
6823	3.000000
6825	1.000000
6827	0.000000
6829	1.000000
6831	0.000000
6833	1.000000
6835	1.000000
6837	4.000000
6839	0.000000
6841	2.000000
6843	1.000000
6845	1.000000
6847	1.000000
6849	1.000000
6851	2.000000
6853	3.000000
6855	1.000000
6857	1.000000
6859	0.000000
6861	0.000000
6863	1.000000
6865	2.000000
6867	3.000000
6869	1.000000
6871	3.000000
6873	0.000000
6875	0.000000
6877	1.000000
6879	3.000000
6881	0.000000
6883	2.000000
6885	0.000000
6887	1.000000
6889	2.000000
6891	3.000000
6893	0.000000
6895	0.000000
6897	1.000000
6899	1.000000
6901	1.000000
6903	2.000000
6905	4.000000
6907	0.000000
6909	1.000000
6911	0.000000
6913	0.000000
6915	0.000000
6917	0.000000
6919	0.000000
6921	2.000000
6923	1.000000
6925	0.000000
6927	1.000000
6929	0.000000
6931	1.000000
6933	0.000000
6935	0.000000
6937	3.000000
6939	0.000000
6941	0.000000
6943	2.000000
6945	0.000000
6947	1.000000
6949	0.000000
6951	0.000000
6953	1.000000
6955	0.000000
6957	0.000000
6959	0.000000
6961	1.000000
6963	0.000000
6965	0.000000
6967	1.000000
6969	0.000000
6971	0.000000
6973	0.000000
6975	0.000000
6977	1.000000
6979	0.000000
6981	0.000000
6983	0.000000
6985	1.000000
6987	3.000000
6989	0.000000
6991	1.000000
6993	2.000000
6995	1.000000
6997	0.000000
6999	0.000000
