1	1.000000
3	8.000000
5	4.000000
7	2.000000
9	5.000000
11	3.000000
13	9.000000
15	1.000000
17	6.000000
19	7.000000
21	4.000000
23	5.000000
25	8.000000
27	3.000000
29	3.000000
31	8.000000
33	5.000000
35	4.000000
37	6.000000
39	7.000000
41	3.000000
43	5.000000
45	4.000000
47	4.000000
49	4.000000
51	3.000000
53	6.000000
55	5.000000
57	3.000000
59	5.000000
61	5.000000
63	6.000000
65	6.000000
67	2.000000
69	2.000000
71	2.000000
73	7.000000
75	6.000000
77	8.000000
79	7.000000
81	7.000000
83	7.000000
85	12.000000
87	6.000000
89	12.000000
91	4.000000
93	8.000000
95	6.000000
97	9.000000
99	8.000000
101	8.000000
103	5.000000
105	6.000000
107	4.000000
109	8.000000
111	3.000000
113	6.000000
115	7.000000
117	8.000000
119	8.000000
121	4.000000
123	10.000000
125	9.000000
127	6.000000
129	8.000000
131	12.000000
133	4.000000
135	7.000000
137	22.000000
139	4.000000
141	7.000000
143	8.000000
145	8.000000
147	2.000000
149	4.000000
151	10.000000
153	6.000000
155	6.000000
157	6.000000
159	14.000000
161	7.000000
163	15.000000
165	9.000000
167	12.000000
169	13.000000
171	8.000000
173	12.000000
175	6.000000
177	11.000000
179	9.000000
181	10.000000
183	10.000000
185	10.000000
187	11.000000
189	9.000000
191	8.000000
193	16.000000
195	8.000000
197	10.000000
199	17.000000
201	6.000000
203	10.000000
205	10.000000
207	9.000000
209	17.000000
211	8.000000
213	10.000000
215	12.000000
217	12.000000
219	11.000000
221	12.000000
223	13.000000
225	13.000000
227	15.000000
229	14.000000
231	14.000000
233	11.000000
235	16.000000
237	9.000000
239	15.000000
241	14.000000
243	10.000000
245	13.000000
247	9.000000
249	13.000000
251	9.000000
253	23.000000
255	14.000000
257	20.000000
259	16.000000
261	15.000000
263	16.000000
265	15.000000
267	21.000000
269	24.000000
271	18.000000
273	15.000000
275	15.000000
277	11.000000
279	25.000000
281	19.000000
283	17.000000
285	31.000000
287	21.000000
289	35.000000
291	15.000000
293	20.000000
295	24.000000
297	23.000000
299	22.000000
301	21.000000
303	23.000000
305	18.000000
307	17.000000
309	25.000000
311	18.000000
313	15.000000
315	25.000000
317	20.000000
319	33.000000
321	32.000000
323	35.000000
325	27.000000
327	28.000000
329	33.000000
331	19.000000
333	27.000000
335	27.000000
337	38.000000
339	25.000000
341	29.000000
343	43.000000
345	25.000000
347	34.000000
349	34.000000
351	30.000000
353	40.000000
355	42.000000
357	38.000000
359	46.000000
361	41.000000
363	35.000000
365	47.000000
367	38.000000
369	36.000000
371	43.000000
373	50.000000
375	37.000000
377	47.000000
379	49.000000
381	40.000000
383	47.000000
385	45.000000
387	66.000000
389	59.000000
391	65.000000
393	54.000000
395	70.000000
397	70.000000
399	67.000000
401	66.000000
403	85.000000
405	86.000000
407	78.000000
409	87.000000
411	77.000000
413	75.000000
415	90.000000
417	96.000000
419	92.000000
421	100.000000
423	103.000000
425	93.000000
427	115.000000
429	134.000000
431	121.000000
433	129.000000
435	140.000000
437	150.000000
439	150.000000
441	152.000000
443	165.000000
445	176.000000
447	218.000000
449	187.000000
451	230.000000
453	213.000000
455	219.000000
457	226.000000
459	255.000000
461	273.000000
463	278.000000
465	285.000000
467	307.000000
469	342.000000
471	342.000000
473	368.000000
475	388.000000
477	393.000000
479	395.000000
481	392.000000
483	430.000000
485	452.000000
487	460.000000
489	506.000000
491	498.000000
493	555.000000
495	554.000000
497	533.000000
499	570.000000
501	578.000000
503	621.000000
505	634.000000
507	632.000000
509	651.000000
511	748.000000
513	758.000000
515	739.000000
517	724.000000
519	838.000000
521	791.000000
523	831.000000
525	792.000000
527	872.000000
529	868.000000
531	858.000000
533	920.000000
535	880.000000
537	942.000000
539	945.000000
541	1003.000000
543	970.000000
545	1004.000000
547	951.000000
549	977.000000
551	1078.000000
553	1037.000000
555	1059.000000
557	1042.000000
559	1025.000000
561	1049.000000
563	1118.000000
565	1081.000000
567	1128.000000
569	1111.000000
571	1137.000000
573	1141.000000
575	1127.000000
577	1143.000000
579	1189.000000
581	1138.000000
583	1093.000000
585	1117.000000
587	1153.000000
589	1204.000000
591	1199.000000
593	1149.000000
595	1117.000000
597	1115.000000
599	1197.000000
601	1169.000000
603	1165.000000
605	1175.000000
607	1136.000000
609	1270.000000
611	1131.000000
613	1180.000000
615	1125.000000
617	1153.000000
619	1183.000000
621	1095.000000
623	1184.000000
625	1173.000000
627	1099.000000
629	1129.000000
631	1103.000000
633	1138.000000
635	1088.000000
637	1175.000000
639	1133.000000
641	1139.000000
643	1072.000000
645	1135.000000
647	1062.000000
649	1110.000000
651	1152.000000
653	1204.000000
655	1125.000000
657	1056.000000
659	1138.000000
661	1149.000000
663	1125.000000
665	1120.000000
667	1061.000000
669	1105.000000
671	1052.000000
673	1054.000000
675	1084.000000
677	1071.000000
679	1072.000000
681	1063.000000
683	1053.000000
685	1004.000000
687	1019.000000
689	1037.000000
691	993.000000
693	1083.000000
695	982.000000
697	1032.000000
699	921.000000
701	961.000000
703	979.000000
705	959.000000
707	987.000000
709	906.000000
711	1018.000000
713	889.000000
715	971.000000
717	902.000000
719	934.000000
721	969.000000
723	975.000000
725	927.000000
727	970.000000
729	916.000000
731	965.000000
733	928.000000
735	916.000000
737	897.000000
739	889.000000
741	905.000000
743	852.000000
745	856.000000
747	956.000000
749	896.000000
751	861.000000
753	945.000000
755	913.000000
757	937.000000
759	854.000000
761	891.000000
763	972.000000
765	896.000000
767	869.000000
769	920.000000
771	941.000000
773	883.000000
775	871.000000
777	883.000000
779	819.000000
781	887.000000
783	895.000000
785	888.000000
787	844.000000
789	878.000000
791	832.000000
793	833.000000
795	871.000000
797	848.000000
799	848.000000
801	840.000000
803	899.000000
805	798.000000
807	821.000000
809	802.000000
811	836.000000
813	810.000000
815	804.000000
817	817.000000
819	781.000000
821	780.000000
823	833.000000
825	819.000000
827	819.000000
829	774.000000
831	809.000000
833	817.000000
835	814.000000
837	729.000000
839	762.000000
841	810.000000
843	774.000000
845	803.000000
847	701.000000
849	743.000000
851	747.000000
853	750.000000
855	721.000000
857	753.000000
859	773.000000
861	701.000000
863	726.000000
865	737.000000
867	753.000000
869	685.000000
871	707.000000
873	704.000000
875	699.000000
877	717.000000
879	634.000000
881	662.000000
883	648.000000
885	671.000000
887	642.000000
889	646.000000
891	597.000000
893	681.000000
895	646.000000
897	621.000000
899	671.000000
901	660.000000
903	617.000000
905	576.000000
907	650.000000
909	582.000000
911	599.000000
913	586.000000
915	628.000000
917	554.000000
919	630.000000
921	554.000000
923	547.000000
925	542.000000
927	512.000000
929	558.000000
931	552.000000
933	556.000000
935	560.000000
937	500.000000
939	518.000000
941	514.000000
943	516.000000
945	529.000000
947	484.000000
949	476.000000
951	519.000000
953	502.000000
955	496.000000
957	473.000000
959	465.000000
961	481.000000
963	473.000000
965	475.000000
967	482.000000
969	449.000000
971	476.000000
973	458.000000
975	475.000000
977	449.000000
979	471.000000
981	463.000000
983	454.000000
985	478.000000
987	476.000000
989	483.000000
991	468.000000
993	463.000000
995	471.000000
997	449.000000
999	455.000000
1001	411.000000
1003	417.000000
1005	440.000000
1007	423.000000
1009	410.000000
1011	435.000000
1013	431.000000
1015	407.000000
1017	411.000000
1019	434.000000
1021	448.000000
1023	461.000000
1025	411.000000
1027	402.000000
1029	397.000000
1031	458.000000
1033	429.000000
1035	377.000000
1037	412.000000
1039	446.000000
1041	411.000000
1043	414.000000
1045	418.000000
1047	423.000000
1049	369.000000
1051	430.000000
1053	424.000000
1055	408.000000
1057	435.000000
1059	394.000000
1061	419.000000
1063	405.000000
1065	390.000000
1067	381.000000
1069	395.000000
1071	411.000000
1073	407.000000
1075	394.000000
1077	403.000000
1079	424.000000
1081	392.000000
1083	406.000000
1085	395.000000
1087	407.000000
1089	404.000000
1091	373.000000
1093	394.000000
1095	424.000000
1097	413.000000
1099	389.000000
1101	394.000000
1103	398.000000
1105	429.000000
1107	400.000000
1109	418.000000
1111	375.000000
1113	393.000000
1115	400.000000
1117	367.000000
1119	446.000000
1121	381.000000
1123	419.000000
1125	395.000000
1127	389.000000
1129	407.000000
1131	390.000000
1133	395.000000
1135	390.000000
1137	416.000000
1139	401.000000
1141	405.000000
1143	364.000000
1145	377.000000
1147	363.000000
1149	390.000000
1151	389.000000
1153	371.000000
1155	347.000000
1157	386.000000
1159	384.000000
1161	388.000000
1163	403.000000
1165	409.000000
1167	404.000000
1169	387.000000
1171	432.000000
1173	375.000000
1175	367.000000
1177	364.000000
1179	417.000000
1181	424.000000
1183	378.000000
1185	398.000000
1187	422.000000
1189	386.000000
1191	407.000000
1193	378.000000
1195	405.000000
1197	404.000000
1199	415.000000
1201	407.000000
1203	431.000000
1205	412.000000
1207	439.000000
1209	402.000000
1211	459.000000
1213	453.000000
1215	426.000000
1217	457.000000
1219	457.000000
1221	480.000000
1223	513.000000
1225	483.000000
1227	510.000000
1229	517.000000
1231	536.000000
1233	496.000000
1235	571.000000
1237	555.000000
1239	596.000000
1241	606.000000
1243	637.000000
1245	614.000000
1247	672.000000
1249	682.000000
1251	743.000000
1253	807.000000
1255	788.000000
1257	805.000000
1259	868.000000
1261	867.000000
1263	966.000000
1265	971.000000
1267	1064.000000
1269	1103.000000
1271	1142.000000
1273	1213.000000
1275	1202.000000
1277	1242.000000
1279	1372.000000
1281	1448.000000
1283	1437.000000
1285	1518.000000
1287	1613.000000
1289	1711.000000
1291	1791.000000
1293	1872.000000
1295	1961.000000
1297	1989.000000
1299	2045.000000
1301	2124.000000
1303	2236.000000
1305	2285.000000
1307	2353.000000
1309	2469.000000
1311	2708.000000
1313	2617.000000
1315	2675.000000
1317	2780.000000
1319	2930.000000
1321	2973.000000
1323	3017.000000
1325	3203.000000
1327	3348.000000
1329	3293.000000
1331	3330.000000
1333	3451.000000
1335	3466.000000
1337	3460.000000
1339	3619.000000
1341	3761.000000
1343	3684.000000
1345	3795.000000
1347	3873.000000
1349	3900.000000
1351	3845.000000
1353	4006.000000
1355	3964.000000
1357	4048.000000
1359	3972.000000
1361	4005.000000
1363	3969.000000
1365	3917.000000
1367	4009.000000
1369	3865.000000
1371	3966.000000
1373	3858.000000
1375	3830.000000
1377	3913.000000
1379	3719.000000
1381	3719.000000
1383	3693.000000
1385	3621.000000
1387	3565.000000
1389	3444.000000
1391	3374.000000
1393	3324.000000
1395	3290.000000
1397	3148.000000
1399	3059.000000
1401	2984.000000
1403	2938.000000
1405	2815.000000
1407	2786.000000
1409	2688.000000
1411	2516.000000
1413	2453.000000
1415	2359.000000
1417	2312.000000
1419	2273.000000
1421	2170.000000
1423	1953.000000
1425	1954.000000
1427	1895.000000
1429	1801.000000
1431	1727.000000
1433	1611.000000
1435	1566.000000
1437	1479.000000
1439	1379.000000
1441	1279.000000
1443	1258.000000
1445	1244.000000
1447	1166.000000
1449	1028.000000
1451	953.000000
1453	993.000000
1455	856.000000
1457	833.000000
1459	784.000000
1461	702.000000
1463	672.000000
1465	649.000000
1467	573.000000
1469	590.000000
1471	537.000000
1473	498.000000
1475	485.000000
1477	457.000000
1479	428.000000
1481	390.000000
1483	351.000000
1485	366.000000
1487	346.000000
1489	314.000000
1491	323.000000
1493	269.000000
1495	284.000000
1497	250.000000
1499	259.000000
1501	215.000000
1503	209.000000
1505	196.000000
1507	202.000000
1509	206.000000
1511	190.000000
1513	180.000000
1515	171.000000
1517	203.000000
1519	160.000000
1521	169.000000
1523	176.000000
1525	158.000000
1527	195.000000
1529	162.000000
1531	158.000000
1533	141.000000
1535	167.000000
1537	152.000000
1539	166.000000
1541	151.000000
1543	145.000000
1545	140.000000
1547	163.000000
1549	135.000000
1551	119.000000
1553	121.000000
1555	164.000000
1557	138.000000
1559	123.000000
1561	134.000000
1563	136.000000
1565	131.000000
1567	128.000000
1569	149.000000
1571	139.000000
1573	145.000000
1575	131.000000
1577	129.000000
1579	137.000000
1581	143.000000
1583	157.000000
1585	132.000000
1587	141.000000
1589	149.000000
1591	134.000000
1593	137.000000
1595	138.000000
1597	129.000000
1599	120.000000
1601	139.000000
1603	129.000000
1605	104.000000
1607	127.000000
1609	153.000000
1611	135.000000
1613	131.000000
1615	125.000000
1617	154.000000
1619	133.000000
1621	150.000000
1623	132.000000
1625	135.000000
1627	136.000000
1629	159.000000
1631	136.000000
1633	120.000000
1635	127.000000
1637	125.000000
1639	157.000000
1641	128.000000
1643	134.000000
1645	136.000000
1647	144.000000
1649	121.000000
1651	135.000000
1653	146.000000
1655	129.000000
1657	119.000000
1659	147.000000
1661	122.000000
1663	141.000000
1665	133.000000
1667	127.000000
1669	181.000000
1671	128.000000
1673	129.000000
1675	124.000000
1677	128.000000
1679	139.000000
1681	131.000000
1683	153.000000
1685	146.000000
1687	134.000000
1689	137.000000
1691	116.000000
1693	133.000000
1695	143.000000
1697	135.000000
1699	140.000000
1701	174.000000
1703	167.000000
1705	144.000000
1707	126.000000
1709	129.000000
1711	126.000000
1713	157.000000
1715	172.000000
1717	133.000000
1719	146.000000
1721	138.000000
1723	127.000000
1725	157.000000
1727	146.000000
1729	140.000000
1731	121.000000
1733	138.000000
1735	147.000000
1737	147.000000
1739	134.000000
1741	151.000000
1743	125.000000
1745	140.000000
1747	125.000000
1749	157.000000
1751	149.000000
1753	124.000000
1755	155.000000
1757	148.000000
1759	146.000000
1761	152.000000
1763	126.000000
1765	149.000000
1767	160.000000
1769	143.000000
1771	137.000000
1773	148.000000
1775	148.000000
1777	151.000000
1779	158.000000
1781	144.000000
1783	127.000000
1785	151.000000
1787	145.000000
1789	150.000000
1791	130.000000
1793	127.000000
1795	144.000000
1797	125.000000
1799	132.000000
1801	153.000000
1803	158.000000
1805	139.000000
1807	153.000000
1809	168.000000
1811	150.000000
1813	138.000000
1815	157.000000
1817	127.000000
1819	174.000000
1821	156.000000
1823	164.000000
1825	160.000000
1827	149.000000
1829	140.000000
1831	166.000000
1833	151.000000
1835	151.000000
1837	134.000000
1839	138.000000
1841	147.000000
1843	166.000000
1845	142.000000
1847	162.000000
1849	146.000000
1851	149.000000
1853	152.000000
1855	147.000000
1857	136.000000
1859	112.000000
1861	153.000000
1863	146.000000
1865	143.000000
1867	161.000000
1869	163.000000
1871	166.000000
1873	154.000000
1875	129.000000
1877	172.000000
1879	163.000000
1881	140.000000
1883	156.000000
1885	143.000000
1887	133.000000
1889	128.000000
1891	153.000000
1893	155.000000
1895	126.000000
1897	142.000000
1899	158.000000
1901	137.000000
1903	174.000000
1905	133.000000
1907	144.000000
1909	154.000000
1911	138.000000
1913	125.000000
1915	146.000000
1917	133.000000
1919	122.000000
1921	136.000000
1923	134.000000
1925	154.000000
1927	145.000000
1929	124.000000
1931	148.000000
1933	144.000000
1935	132.000000
1937	151.000000
1939	141.000000
1941	116.000000
1943	143.000000
1945	143.000000
1947	127.000000
1949	158.000000
1951	126.000000
1953	151.000000
1955	119.000000
1957	151.000000
1959	126.000000
1961	138.000000
1963	138.000000
1965	135.000000
1967	134.000000
1969	123.000000
1971	132.000000
1973	152.000000
1975	134.000000
1977	141.000000
1979	148.000000
1981	132.000000
1983	149.000000
1985	155.000000
1987	139.000000
1989	130.000000
1991	138.000000
1993	152.000000
1995	124.000000
1997	126.000000
1999	137.000000
2001	137.000000
2003	153.000000
2005	141.000000
2007	151.000000
2009	144.000000
2011	145.000000
2013	138.000000
2015	150.000000
2017	137.000000
2019	121.000000
2021	137.000000
2023	136.000000
2025	138.000000
2027	143.000000
2029	139.000000
2031	136.000000
2033	148.000000
2035	136.000000
2037	131.000000
2039	134.000000
2041	135.000000
2043	125.000000
2045	129.000000
2047	142.000000
2049	141.000000
2051	132.000000
2053	140.000000
2055	155.000000
2057	171.000000
2059	145.000000
2061	150.000000
2063	134.000000
2065	148.000000
2067	147.000000
2069	153.000000
2071	131.000000
2073	142.000000
2075	122.000000
2077	154.000000
2079	151.000000
2081	148.000000
2083	133.000000
2085	138.000000
2087	154.000000
2089	143.000000
2091	146.000000
2093	136.000000
2095	144.000000
2097	143.000000
2099	154.000000
2101	126.000000
2103	138.000000
2105	146.000000
2107	151.000000
2109	127.000000
2111	126.000000
2113	156.000000
2115	130.000000
2117	144.000000
2119	141.000000
2121	149.000000
2123	133.000000
2125	125.000000
2127	152.000000
2129	144.000000
2131	163.000000
2133	129.000000
2135	139.000000
2137	128.000000
2139	120.000000
2141	112.000000
2143	137.000000
2145	107.000000
2147	131.000000
2149	133.000000
2151	123.000000
2153	130.000000
2155	139.000000
2157	144.000000
2159	118.000000
2161	147.000000
2163	134.000000
2165	159.000000
2167	139.000000
2169	148.000000
2171	140.000000
2173	138.000000
2175	126.000000
2177	140.000000
2179	126.000000
2181	132.000000
2183	127.000000
2185	124.000000
2187	129.000000
2189	143.000000
2191	148.000000
2193	137.000000
2195	141.000000
2197	129.000000
2199	144.000000
2201	140.000000
2203	129.000000
2205	154.000000
2207	130.000000
2209	140.000000
2211	128.000000
2213	130.000000
2215	110.000000
2217	131.000000
2219	127.000000
2221	140.000000
2223	127.000000
2225	120.000000
2227	130.000000
2229	133.000000
2231	144.000000
2233	133.000000
2235	128.000000
2237	119.000000
2239	138.000000
2241	147.000000
2243	149.000000
2245	128.000000
2247	120.000000
2249	152.000000
2251	135.000000
2253	138.000000
2255	148.000000
2257	147.000000
2259	124.000000
2261	139.000000
2263	138.000000
2265	116.000000
2267	138.000000
2269	132.000000
2271	144.000000
2273	134.000000
2275	137.000000
2277	135.000000
2279	138.000000
2281	134.000000
2283	125.000000
2285	141.000000
2287	147.000000
2289	146.000000
2291	143.000000
2293	126.000000
2295	172.000000
2297	145.000000
2299	152.000000
2301	123.000000
2303	152.000000
2305	127.000000
2307	141.000000
2309	136.000000
2311	138.000000
2313	156.000000
2315	145.000000
2317	146.000000
2319	150.000000
2321	129.000000
2323	120.000000
2325	123.000000
2327	146.000000
2329	135.000000
2331	150.000000
2333	142.000000
2335	145.000000
2337	152.000000
2339	140.000000
2341	133.000000
2343	132.000000
2345	125.000000
2347	140.000000
2349	123.000000
2351	154.000000
2353	134.000000
2355	133.000000
2357	125.000000
2359	152.000000
2361	145.000000
2363	165.000000
2365	141.000000
2367	161.000000
2369	149.000000
2371	131.000000
2373	142.000000
2375	127.000000
2377	135.000000
2379	140.000000
2381	132.000000
2383	156.000000
2385	149.000000
2387	122.000000
2389	155.000000
2391	150.000000
2393	146.000000
2395	139.000000
2397	163.000000
2399	136.000000
2401	142.000000
2403	137.000000
2405	142.000000
2407	140.000000
2409	158.000000
2411	157.000000
2413	156.000000
2415	154.000000
2417	128.000000
2419	154.000000
2421	134.000000
2423	174.000000
2425	158.000000
2427	143.000000
2429	166.000000
2431	149.000000
2433	139.000000
2435	178.000000
2437	142.000000
2439	148.000000
2441	148.000000
2443	160.000000
2445	146.000000
2447	146.000000
2449	153.000000
2451	156.000000
2453	156.000000
2455	157.000000
2457	140.000000
2459	172.000000
2461	121.000000
2463	157.000000
2465	151.000000
2467	170.000000
2469	140.000000
2471	156.000000
2473	127.000000
2475	148.000000
2477	137.000000
2479	148.000000
2481	172.000000
2483	134.000000
2485	143.000000
2487	161.000000
2489	147.000000
2491	172.000000
2493	176.000000
2495	157.000000
2497	129.000000
2499	164.000000
2501	130.000000
2503	173.000000
2505	145.000000
2507	160.000000
2509	133.000000
2511	170.000000
2513	163.000000
2515	153.000000
2517	157.000000
2519	143.000000
2521	149.000000
2523	168.000000
2525	145.000000
2527	167.000000
2529	138.000000
2531	147.000000
2533	181.000000
2535	145.000000
2537	159.000000
2539	157.000000
2541	142.000000
2543	154.000000
2545	148.000000
2547	153.000000
2549	166.000000
2551	176.000000
2553	154.000000
2555	175.000000
2557	151.000000
2559	146.000000
2561	156.000000
2563	167.000000
2565	153.000000
2567	172.000000
2569	153.000000
2571	159.000000
2573	152.000000
2575	144.000000
2577	138.000000
2579	173.000000
2581	139.000000
2583	148.000000
2585	153.000000
2587	157.000000
2589	167.000000
2591	167.000000
2593	132.000000
2595	139.000000
2597	169.000000
2599	170.000000
2601	166.000000
2603	160.000000
2605	147.000000
2607	162.000000
2609	146.000000
2611	161.000000
2613	141.000000
2615	176.000000
2617	151.000000
2619	138.000000
2621	147.000000
2623	145.000000
2625	152.000000
2627	138.000000
2629	149.000000
2631	156.000000
2633	154.000000
2635	151.000000
2637	146.000000
2639	143.000000
2641	155.000000
2643	152.000000
2645	124.000000
2647	149.000000
2649	139.000000
2651	150.000000
2653	150.000000
2655	134.000000
2657	147.000000
2659	140.000000
2661	148.000000
2663	122.000000
2665	146.000000
2667	124.000000
2669	133.000000
2671	126.000000
2673	139.000000
2675	134.000000
2677	118.000000
2679	136.000000
2681	122.000000
2683	133.000000
2685	97.000000
2687	130.000000
2689	120.000000
2691	114.000000
2693	117.000000
2695	123.000000
2697	124.000000
2699	115.000000
2701	112.000000
2703	120.000000
2705	100.000000
2707	105.000000
2709	90.000000
2711	109.000000
2713	102.000000
2715	109.000000
2717	105.000000
2719	124.000000
2721	104.000000
2723	101.000000
2725	114.000000
2727	89.000000
2729	90.000000
2731	95.000000
2733	96.000000
2735	95.000000
2737	89.000000
2739	79.000000
2741	100.000000
2743	93.000000
2745	87.000000
2747	88.000000
2749	86.000000
2751	81.000000
2753	79.000000
2755	102.000000
2757	83.000000
2759	85.000000
2761	76.000000
2763	74.000000
2765	67.000000
2767	84.000000
2769	77.000000
2771	63.000000
2773	75.000000
2775	64.000000
2777	71.000000
2779	64.000000
2781	54.000000
2783	80.000000
2785	75.000000
2787	73.000000
2789	71.000000
2791	51.000000
2793	79.000000
2795	68.000000
2797	73.000000
2799	59.000000
2801	61.000000
2803	63.000000
2805	64.000000
2807	56.000000
2809	68.000000
2811	67.000000
2813	60.000000
2815	76.000000
2817	68.000000
2819	61.000000
2821	54.000000
2823	55.000000
2825	52.000000
2827	74.000000
2829	48.000000
2831	61.000000
2833	49.000000
2835	40.000000
2837	39.000000
2839	48.000000
2841	48.000000
2843	57.000000
2845	60.000000
2847	68.000000
2849	52.000000
2851	68.000000
2853	40.000000
2855	42.000000
2857	64.000000
2859	59.000000
2861	51.000000
2863	40.000000
2865	46.000000
2867	47.000000
2869	40.000000
2871	47.000000
2873	45.000000
2875	58.000000
2877	59.000000
2879	51.000000
2881	48.000000
2883	52.000000
2885	58.000000
2887	65.000000
2889	46.000000
2891	35.000000
2893	55.000000
2895	36.000000
2897	36.000000
2899	39.000000
2901	53.000000
2903	41.000000
2905	43.000000
2907	45.000000
2909	43.000000
2911	44.000000
2913	48.000000
2915	42.000000
2917	27.000000
2919	36.000000
2921	45.000000
2923	40.000000
2925	43.000000
2927	44.000000
2929	48.000000
2931	41.000000
2933	30.000000
2935	54.000000
2937	44.000000
2939	37.000000
2941	33.000000
2943	53.000000
2945	33.000000
2947	55.000000
2949	33.000000
2951	32.000000
2953	35.000000
2955	46.000000
2957	26.000000
2959	29.000000
2961	43.000000
2963	31.000000
2965	37.000000
2967	34.000000
2969	51.000000
2971	43.000000
2973	35.000000
2975	37.000000
2977	35.000000
2979	36.000000
2981	36.000000
2983	42.000000
2985	35.000000
2987	35.000000
2989	33.000000
2991	51.000000
2993	43.000000
2995	34.000000
2997	38.000000
2999	32.000000
3001	39.000000
3003	40.000000
3005	41.000000
3007	36.000000
3009	44.000000
3011	36.000000
3013	36.000000
3015	33.000000
3017	31.000000
3019	33.000000
3021	39.000000
3023	36.000000
3025	32.000000
3027	26.000000
3029	34.000000
3031	36.000000
3033	27.000000
3035	44.000000
3037	35.000000
3039	54.000000
3041	32.000000
3043	29.000000
3045	38.000000
3047	33.000000
3049	18.000000
3051	41.000000
3053	30.000000
3055	40.000000
3057	37.000000
3059	31.000000
3061	38.000000
3063	39.000000
3065	21.000000
3067	35.000000
3069	36.000000
3071	37.000000
3073	34.000000
3075	38.000000
3077	33.000000
3079	38.000000
3081	41.000000
3083	43.000000
3085	27.000000
3087	49.000000
3089	60.000000
3091	37.000000
3093	45.000000
3095	45.000000
3097	48.000000
3099	48.000000
3101	58.000000
3103	68.000000
3105	55.000000
3107	65.000000
3109	49.000000
3111	57.000000
3113	52.000000
3115	60.000000
3117	76.000000
3119	51.000000
3121	78.000000
3123	77.000000
3125	76.000000
3127	79.000000
3129	70.000000
3131	112.000000
3133	79.000000
3135	109.000000
3137	101.000000
3139	80.000000
3141	136.000000
3143	97.000000
3145	122.000000
3147	118.000000
3149	136.000000
3151	146.000000
3153	145.000000
3155	127.000000
3157	146.000000
3159	182.000000
3161	167.000000
3163	187.000000
3165	181.000000
3167	208.000000
3169	175.000000
3171	195.000000
3173	215.000000
3175	232.000000
3177	222.000000
3179	242.000000
3181	241.000000
3183	267.000000
3185	268.000000
3187	273.000000
3189	277.000000
3191	307.000000
3193	310.000000
3195	320.000000
3197	338.000000
3199	342.000000
3201	325.000000
3203	358.000000
3205	374.000000
3207	361.000000
3209	380.000000
3211	438.000000
3213	398.000000
3215	422.000000
3217	448.000000
3219	476.000000
3221	468.000000
3223	475.000000
3225	455.000000
3227	488.000000
3229	533.000000
3231	485.000000
3233	487.000000
3235	537.000000
3237	532.000000
3239	540.000000
3241	579.000000
3243	558.000000
3245	616.000000
3247	610.000000
3249	625.000000
3251	670.000000
3253	602.000000
3255	637.000000
3257	656.000000
3259	654.000000
3261	643.000000
3263	646.000000
3265	592.000000
3267	641.000000
3269	691.000000
3271	711.000000
3273	690.000000
3275	684.000000
3277	734.000000
3279	705.000000
3281	741.000000
3283	691.000000
3285	716.000000
3287	730.000000
3289	757.000000
3291	722.000000
3293	710.000000
3295	742.000000
3297	746.000000
3299	698.000000
3301	747.000000
3303	778.000000
3305	708.000000
3307	739.000000
3309	740.000000
3311	748.000000
3313	667.000000
3315	682.000000
3317	708.000000
3319	672.000000
3321	635.000000
3323	733.000000
3325	632.000000
3327	636.000000
3329	644.000000
3331	627.000000
3333	628.000000
3335	608.000000
3337	628.000000
3339	589.000000
3341	598.000000
3343	592.000000
3345	551.000000
3347	539.000000
3349	547.000000
3351	530.000000
3353	521.000000
3355	511.000000
3357	517.000000
3359	529.000000
3361	509.000000
3363	472.000000
3365	433.000000
3367	467.000000
3369	479.000000
3371	462.000000
3373	402.000000
3375	386.000000
3377	369.000000
3379	379.000000
3381	346.000000
3383	387.000000
3385	334.000000
3387	342.000000
3389	336.000000
3391	334.000000
3393	287.000000
3395	304.000000
3397	275.000000
3399	282.000000
3401	274.000000
3403	267.000000
3405	244.000000
3407	245.000000
3409	239.000000
3411	214.000000
3413	202.000000
3415	213.000000
3417	185.000000
3419	201.000000
3421	169.000000
3423	181.000000
3425	160.000000
3427	172.000000
3429	153.000000
3431	153.000000
3433	132.000000
3435	121.000000
3437	118.000000
3439	134.000000
3441	132.000000
3443	108.000000
3445	94.000000
3447	105.000000
3449	103.000000
3451	109.000000
3453	103.000000
3455	90.000000
3457	78.000000
3459	86.000000
3461	78.000000
3463	75.000000
3465	82.000000
3467	66.000000
3469	67.000000
3471	39.000000
3473	53.000000
3475	56.000000
3477	45.000000
3479	53.000000
3481	39.000000
3483	36.000000
3485	44.000000
3487	49.000000
3489	38.000000
3491	33.000000
3493	45.000000
3495	28.000000
3497	32.000000
3499	28.000000
3501	33.000000
3503	31.000000
3505	39.000000
3507	25.000000
3509	26.000000
3511	33.000000
3513	29.000000
3515	29.000000
3517	26.000000
3519	32.000000
3521	20.000000
3523	25.000000
3525	21.000000
3527	23.000000
3529	18.000000
3531	34.000000
3533	21.000000
3535	20.000000
3537	18.000000
3539	20.000000
3541	22.000000
3543	13.000000
3545	30.000000
3547	20.000000
3549	16.000000
3551	21.000000
3553	20.000000
3555	13.000000
3557	8.000000
3559	9.000000
3561	12.000000
3563	20.000000
3565	18.000000
3567	13.000000
3569	14.000000
3571	15.000000
3573	11.000000
3575	12.000000
3577	13.000000
3579	14.000000
3581	24.000000
3583	16.000000
3585	16.000000
3587	22.000000
3589	19.000000
3591	7.000000
3593	15.000000
3595	7.000000
3597	9.000000
3599	13.000000
3601	15.000000
3603	16.000000
3605	18.000000
3607	23.000000
3609	15.000000
3611	13.000000
3613	15.000000
3615	12.000000
3617	14.000000
3619	20.000000
3621	14.000000
3623	14.000000
3625	14.000000
3627	16.000000
3629	20.000000
3631	17.000000
3633	2.000000
3635	15.000000
3637	8.000000
3639	17.000000
3641	10.000000
3643	11.000000
3645	19.000000
3647	21.000000
3649	17.000000
3651	17.000000
3653	16.000000
3655	6.000000
3657	9.000000
3659	15.000000
3661	14.000000
3663	9.000000
3665	13.000000
3667	19.000000
3669	18.000000
3671	17.000000
3673	17.000000
3675	15.000000
3677	16.000000
3679	15.000000
3681	25.000000
3683	16.000000
3685	15.000000
3687	18.000000
3689	7.000000
3691	13.000000
3693	16.000000
3695	13.000000
3697	17.000000
3699	15.000000
3701	15.000000
3703	21.000000
3705	17.000000
3707	18.000000
3709	7.000000
3711	14.000000
3713	16.000000
3715	15.000000
3717	17.000000
3719	10.000000
3721	15.000000
3723	21.000000
3725	15.000000
3727	21.000000
3729	14.000000
3731	21.000000
3733	15.000000
3735	14.000000
3737	14.000000
3739	14.000000
3741	17.000000
3743	10.000000
3745	12.000000
3747	16.000000
3749	12.000000
3751	17.000000
3753	12.000000
3755	15.000000
3757	13.000000
3759	19.000000
3761	18.000000
3763	23.000000
3765	10.000000
3767	22.000000
3769	26.000000
3771	20.000000
3773	19.000000
3775	13.000000
3777	16.000000
3779	20.000000
3781	15.000000
3783	18.000000
3785	11.000000
3787	16.000000
3789	25.000000
3791	23.000000
3793	15.000000
3795	20.000000
3797	23.000000
3799	19.000000
3801	19.000000
3803	17.000000
3805	21.000000
3807	19.000000
3809	18.000000
3811	18.000000
3813	18.000000
3815	20.000000
3817	14.000000
3819	13.000000
3821	16.000000
3823	18.000000
3825	16.000000
3827	11.000000
3829	21.000000
3831	16.000000
3833	15.000000
3835	14.000000
3837	21.000000
3839	19.000000
3841	25.000000
3843	10.000000
3845	21.000000
3847	21.000000
3849	23.000000
3851	15.000000
3853	16.000000
3855	15.000000
3857	15.000000
3859	23.000000
3861	12.000000
3863	13.000000
3865	13.000000
3867	17.000000
3869	17.000000
3871	17.000000
3873	18.000000
3875	17.000000
3877	19.000000
3879	14.000000
3881	11.000000
3883	10.000000
3885	16.000000
3887	17.000000
3889	10.000000
3891	15.000000
3893	15.000000
3895	13.000000
3897	11.000000
3899	18.000000
3901	13.000000
3903	16.000000
3905	8.000000
3907	16.000000
3909	20.000000
3911	15.000000
3913	18.000000
3915	14.000000
3917	15.000000
3919	10.000000
3921	12.000000
3923	11.000000
3925	13.000000
3927	17.000000
3929	12.000000
3931	22.000000
3933	12.000000
3935	20.000000
3937	19.000000
3939	16.000000
3941	14.000000
3943	15.000000
3945	11.000000
3947	12.000000
3949	11.000000
3951	11.000000
3953	20.000000
3955	14.000000
3957	12.000000
3959	15.000000
3961	10.000000
3963	17.000000
3965	15.000000
3967	13.000000
3969	12.000000
3971	10.000000
3973	11.000000
3975	8.000000
3977	15.000000
3979	14.000000
3981	10.000000
3983	10.000000
3985	17.000000
3987	11.000000
3989	12.000000
3991	8.000000
3993	8.000000
3995	7.000000
3997	12.000000
3999	9.000000
4001	11.000000
4003	7.000000
4005	20.000000
4007	8.000000
4009	16.000000
4011	11.000000
4013	15.000000
4015	14.000000
4017	10.000000
4019	17.000000
4021	16.000000
4023	7.000000
4025	6.000000
4027	9.000000
4029	9.000000
4031	13.000000
4033	19.000000
4035	13.000000
4037	14.000000
4039	11.000000
4041	11.000000
4043	10.000000
4045	9.000000
4047	9.000000
4049	7.000000
4051	14.000000
4053	8.000000
4055	10.000000
4057	5.000000
4059	16.000000
4061	8.000000
4063	15.000000
4065	12.000000
4067	10.000000
4069	7.000000
4071	13.000000
4073	12.000000
4075	11.000000
4077	6.000000
4079	6.000000
4081	5.000000
4083	12.000000
4085	9.000000
4087	12.000000
4089	12.000000
4091	8.000000
4093	10.000000
4095	13.000000
4097	6.000000
4099	16.000000
4101	10.000000
4103	15.000000
4105	8.000000
4107	9.000000
4109	12.000000
4111	11.000000
4113	5.000000
4115	11.000000
4117	3.000000
4119	9.000000
4121	10.000000
4123	9.000000
4125	7.000000
4127	12.000000
4129	10.000000
4131	10.000000
4133	6.000000
4135	10.000000
4137	10.000000
4139	11.000000
4141	6.000000
4143	11.000000
4145	8.000000
4147	7.000000
4149	6.000000
4151	9.000000
4153	11.000000
4155	12.000000
4157	11.000000
4159	7.000000
4161	13.000000
4163	4.000000
4165	5.000000
4167	7.000000
4169	11.000000
4171	11.000000
4173	8.000000
4175	9.000000
4177	12.000000
4179	8.000000
4181	11.000000
4183	5.000000
4185	6.000000
4187	9.000000
4189	5.000000
4191	8.000000
4193	10.000000
4195	2.000000
4197	6.000000
4199	12.000000
4201	6.000000
4203	6.000000
4205	8.000000
4207	7.000000
4209	11.000000
4211	6.000000
4213	9.000000
4215	8.000000
4217	5.000000
4219	8.000000
4221	3.000000
4223	3.000000
4225	6.000000
4227	9.000000
4229	6.000000
4231	6.000000
4233	6.000000
4235	8.000000
4237	7.000000
4239	10.000000
4241	7.000000
4243	7.000000
4245	4.000000
4247	5.000000
4249	8.000000
4251	5.000000
4253	6.000000
4255	8.000000
4257	12.000000
4259	6.000000
4261	1.000000
4263	5.000000
4265	2.000000
4267	6.000000
4269	8.000000
4271	6.000000
4273	5.000000
4275	17.000000
4277	2.000000
4279	6.000000
4281	4.000000
4283	8.000000
4285	4.000000
4287	5.000000
4289	5.000000
4291	6.000000
4293	7.000000
4295	7.000000
4297	4.000000
4299	7.000000
4301	5.000000
4303	4.000000
4305	5.000000
4307	6.000000
4309	8.000000
4311	3.000000
4313	7.000000
4315	4.000000
4317	3.000000
4319	6.000000
4321	8.000000
4323	9.000000
4325	3.000000
4327	3.000000
4329	4.000000
4331	7.000000
4333	5.000000
4335	6.000000
4337	6.000000
4339	7.000000
4341	4.000000
4343	3.000000
4345	2.000000
4347	8.000000
4349	2.000000
4351	7.000000
4353	7.000000
4355	7.000000
4357	2.000000
4359	7.000000
4361	9.000000
4363	8.000000
4365	6.000000
4367	4.000000
4369	4.000000
4371	5.000000
4373	6.000000
4375	6.000000
4377	7.000000
4379	1.000000
4381	6.000000
4383	7.000000
4385	6.000000
4387	7.000000
4389	9.000000
4391	9.000000
4393	6.000000
4395	9.000000
4397	4.000000
4399	5.000000
4401	6.000000
4403	6.000000
4405	3.000000
4407	6.000000
4409	5.000000
4411	7.000000
4413	4.000000
4415	5.000000
4417	9.000000
4419	7.000000
4421	8.000000
4423	6.000000
4425	5.000000
4427	7.000000
4429	5.000000
4431	6.000000
4433	5.000000
4435	3.000000
4437	13.000000
4439	3.000000
4441	5.000000
4443	5.000000
4445	6.000000
4447	3.000000
4449	9.000000
4451	8.000000
4453	4.000000
4455	10.000000
4457	8.000000
4459	2.000000
4461	5.000000
4463	1.000000
4465	3.000000
4467	6.000000
4469	7.000000
4471	6.000000
4473	8.000000
4475	8.000000
4477	12.000000
4479	8.000000
4481	12.000000
4483	13.000000
4485	5.000000
4487	5.000000
4489	7.000000
4491	6.000000
4493	8.000000
4495	7.000000
4497	7.000000
4499	10.000000
4501	13.000000
4503	8.000000
4505	6.000000
4507	7.000000
4509	12.000000
4511	14.000000
4513	13.000000
4515	7.000000
4517	3.000000
4519	5.000000
4521	7.000000
4523	7.000000
4525	9.000000
4527	13.000000
4529	16.000000
4531	9.000000
4533	6.000000
4535	7.000000
4537	14.000000
4539	11.000000
4541	13.000000
4543	9.000000
4545	11.000000
4547	11.000000
4549	14.000000
4551	10.000000
4553	9.000000
4555	13.000000
4557	16.000000
4559	16.000000
4561	7.000000
4563	15.000000
4565	14.000000
4567	14.000000
4569	10.000000
4571	17.000000
4573	19.000000
4575	18.000000
4577	16.000000
4579	19.000000
4581	15.000000
4583	10.000000
4585	23.000000
4587	17.000000
4589	16.000000
4591	17.000000
4593	20.000000
4595	17.000000
4597	26.000000
4599	21.000000
4601	24.000000
4603	13.000000
4605	27.000000
4607	20.000000
4609	20.000000
4611	15.000000
4613	18.000000
4615	12.000000
4617	14.000000
4619	19.000000
4621	19.000000
4623	13.000000
4625	16.000000
4627	20.000000
4629	17.000000
4631	14.000000
4633	20.000000
4635	15.000000
4637	24.000000
4639	23.000000
4641	23.000000
4643	15.000000
4645	24.000000
4647	17.000000
4649	19.000000
4651	23.000000
4653	14.000000
4655	13.000000
4657	19.000000
4659	13.000000
4661	13.000000
4663	18.000000
4665	25.000000
4667	18.000000
4669	22.000000
4671	19.000000
4673	22.000000
4675	16.000000
4677	17.000000
4679	20.000000
4681	20.000000
4683	21.000000
4685	11.000000
4687	17.000000
4689	16.000000
4691	24.000000
4693	24.000000
4695	12.000000
4697	19.000000
4699	14.000000
4701	11.000000
4703	7.000000
4705	18.000000
4707	7.000000
4709	15.000000
4711	17.000000
4713	14.000000
4715	13.000000
4717	8.000000
4719	10.000000
4721	8.000000
4723	15.000000
4725	14.000000
4727	9.000000
4729	11.000000
4731	7.000000
4733	8.000000
4735	11.000000
4737	11.000000
4739	14.000000
4741	11.000000
4743	11.000000
4745	15.000000
4747	17.000000
4749	7.000000
4751	11.000000
4753	10.000000
4755	7.000000
4757	11.000000
4759	16.000000
4761	4.000000
4763	4.000000
4765	14.000000
4767	6.000000
4769	8.000000
4771	11.000000
4773	10.000000
4775	6.000000
4777	5.000000
4779	9.000000
4781	7.000000
4783	3.000000
4785	8.000000
4787	6.000000
4789	9.000000
4791	9.000000
4793	5.000000
4795	5.000000
4797	2.000000
4799	4.000000
4801	8.000000
4803	2.000000
4805	4.000000
4807	5.000000
4809	4.000000
4811	2.000000
4813	3.000000
4815	6.000000
4817	7.000000
4819	6.000000
4821	4.000000
4823	7.000000
4825	6.000000
4827	2.000000
4829	2.000000
4831	0.000000
4833	2.000000
4835	4.000000
4837	4.000000
4839	3.000000
4841	4.000000
4843	3.000000
4845	4.000000
4847	2.000000
4849	2.000000
4851	3.000000
4853	0.000000
4855	0.000000
4857	0.000000
4859	0.000000
4861	1.000000
4863	2.000000
4865	3.000000
4867	4.000000
4869	1.000000
4871	1.000000
4873	0.000000
4875	1.000000
4877	0.000000
4879	2.000000
4881	1.000000
4883	1.000000
4885	2.000000
4887	1.000000
4889	1.000000
4891	0.000000
4893	1.000000
4895	2.000000
4897	2.000000
4899	1.000000
4901	4.000000
4903	1.000000
4905	2.000000
4907	0.000000
4909	0.000000
4911	1.000000
4913	3.000000
4915	2.000000
4917	0.000000
4919	0.000000
4921	0.000000
4923	3.000000
4925	1.000000
4927	1.000000
4929	1.000000
4931	3.000000
4933	2.000000
4935	2.000000
4937	0.000000
4939	1.000000
4941	2.000000
4943	1.000000
4945	2.000000
4947	0.000000
4949	1.000000
4951	1.000000
4953	1.000000
4955	0.000000
4957	1.000000
4959	2.000000
4961	0.000000
4963	1.000000
4965	2.000000
4967	0.000000
4969	2.000000
4971	2.000000
4973	2.000000
4975	1.000000
4977	1.000000
4979	1.000000
4981	2.000000
4983	0.000000
4985	1.000000
4987	1.000000
4989	1.000000
4991	0.000000
4993	1.000000
4995	1.000000
4997	0.000000
4999	0.000000
5001	3.000000
5003	0.000000
5005	2.000000
5007	0.000000
5009	1.000000
5011	0.000000
5013	1.000000
5015	0.000000
5017	0.000000
5019	0.000000
5021	0.000000
5023	1.000000
5025	0.000000
5027	0.000000
5029	1.000000
5031	1.000000
5033	0.000000
5035	0.000000
5037	1.000000
5039	2.000000
5041	3.000000
5043	1.000000
5045	2.000000
5047	1.000000
5049	0.000000
5051	1.000000
5053	0.000000
5055	0.000000
5057	0.000000
5059	0.000000
5061	0.000000
5063	2.000000
5065	1.000000
5067	1.000000
5069	0.000000
5071	0.000000
5073	2.000000
5075	1.000000
5077	0.000000
5079	0.000000
5081	2.000000
5083	0.000000
5085	0.000000
5087	1.000000
5089	0.000000
5091	0.000000
5093	1.000000
5095	2.000000
5097	2.000000
5099	1.000000
5101	2.000000
5103	0.000000
5105	1.000000
5107	1.000000
5109	2.000000
5111	0.000000
5113	0.000000
5115	0.000000
5117	1.000000
5119	1.000000
5121	1.000000
5123	1.000000
5125	2.000000
5127	0.000000
5129	1.000000
5131	0.000000
5133	0.000000
5135	0.000000
5137	1.000000
5139	1.000000
5141	0.000000
5143	1.000000
5145	2.000000
5147	0.000000
5149	0.000000
5151	1.000000
5153	1.000000
5155	1.000000
5157	0.000000
5159	1.000000
5161	0.000000
5163	0.000000
5165	1.000000
5167	5.000000
5169	0.000000
5171	0.000000
5173	1.000000
5175	1.000000
5177	0.000000
5179	1.000000
5181	1.000000
5183	1.000000
5185	0.000000
5187	1.000000
5189	1.000000
5191	1.000000
5193	1.000000
5195	1.000000
5197	1.000000
5199	0.000000
5201	2.000000
5203	2.000000
5205	0.000000
5207	0.000000
5209	1.000000
5211	0.000000
5213	2.000000
5215	0.000000
5217	1.000000
5219	0.000000
5221	0.000000
5223	0.000000
5225	0.000000
5227	2.000000
5229	0.000000
5231	0.000000
5233	1.000000
5235	1.000000
5237	1.000000
5239	0.000000
5241	0.000000
5243	2.000000
5245	1.000000
5247	1.000000
5249	1.000000
5251	1.000000
5253	0.000000
5255	0.000000
5257	0.000000
5259	0.000000
5261	0.000000
5263	0.000000
5265	2.000000
5267	1.000000
5269	0.000000
5271	0.000000
5273	0.000000
5275	1.000000
5277	2.000000
5279	1.000000
5281	1.000000
5283	1.000000
5285	0.000000
5287	0.000000
5289	0.000000
5291	1.000000
5293	3.000000
5295	0.000000
5297	3.000000
5299	0.000000
5301	1.000000
5303	0.000000
5305	0.000000
5307	2.000000
5309	0.000000
5311	1.000000
5313	0.000000
5315	0.000000
5317	0.000000
5319	1.000000
5321	0.000000
5323	0.000000
5325	2.000000
5327	1.000000
5329	0.000000
5331	0.000000
5333	2.000000
5335	0.000000
5337	0.000000
5339	0.000000
5341	1.000000
5343	1.000000
5345	1.000000
5347	0.000000
5349	0.000000
5351	0.000000
5353	0.000000
5355	2.000000
5357	0.000000
5359	0.000000
5361	0.000000
5363	0.000000
5365	0.000000
5367	0.000000
5369	0.000000
5371	0.000000
5373	0.000000
5375	0.000000
5377	0.000000
5379	0.000000
5381	1.000000
5383	0.000000
5385	3.000000
5387	0.000000
5389	0.000000
5391	0.000000
5393	0.000000
5395	0.000000
5397	1.000000
5399	0.000000
5401	0.000000
5403	0.000000
5405	0.000000
5407	2.000000
5409	0.000000
5411	0.000000
5413	0.000000
5415	1.000000
5417	2.000000
5419	0.000000
5421	1.000000
5423	1.000000
5425	0.000000
5427	0.000000
5429	0.000000
5431	1.000000
5433	1.000000
5435	1.000000
5437	1.000000
5439	0.000000
5441	1.000000
5443	0.000000
5445	1.000000
5447	0.000000
5449	0.000000
5451	0.000000
5453	0.000000
5455	0.000000
5457	1.000000
5459	1.000000
5461	2.000000
5463	1.000000
5465	0.000000
5467	2.000000
5469	0.000000
5471	0.000000
5473	1.000000
5475	0.000000
5477	1.000000
5479	0.000000
5481	1.000000
5483	1.000000
5485	0.000000
5487	0.000000
5489	0.000000
5491	3.000000
5493	1.000000
5495	0.000000
5497	0.000000
5499	0.000000
5501	0.000000
5503	0.000000
5505	0.000000
5507	1.000000
5509	0.000000
5511	1.000000
5513	1.000000
5515	0.000000
5517	0.000000
5519	1.000000
5521	0.000000
5523	0.000000
5525	0.000000
5527	0.000000
5529	1.000000
5531	0.000000
5533	0.000000
5535	0.000000
5537	0.000000
5539	0.000000
5541	0.000000
5543	1.000000
5545	1.000000
5547	0.000000
5549	0.000000
5551	0.000000
5553	0.000000
5555	0.000000
5557	1.000000
5559	2.000000
5561	0.000000
5563	0.000000
5565	2.000000
5567	2.000000
5569	1.000000
5571	1.000000
5573	0.000000
5575	0.000000
5577	0.000000
5579	1.000000
5581	2.000000
5583	1.000000
5585	1.000000
5587	0.000000
5589	0.000000
5591	1.000000
5593	2.000000
5595	0.000000
5597	0.000000
5599	2.000000
5601	1.000000
5603	0.000000
5605	0.000000
5607	1.000000
5609	0.000000
5611	1.000000
5613	0.000000
5615	0.000000
5617	0.000000
5619	0.000000
5621	0.000000
5623	0.000000
5625	0.000000
5627	0.000000
5629	0.000000
5631	1.000000
5633	0.000000
5635	0.000000
5637	0.000000
5639	1.000000
5641	2.000000
5643	1.000000
5645	1.000000
5647	1.000000
5649	0.000000
5651	0.000000
5653	0.000000
5655	0.000000
5657	0.000000
5659	0.000000
5661	0.000000
5663	0.000000
5665	0.000000
5667	0.000000
5669	1.000000
5671	1.000000
5673	1.000000
5675	0.000000
5677	1.000000
5679	0.000000
5681	0.000000
5683	0.000000
5685	1.000000
5687	0.000000
5689	0.000000
5691	0.000000
5693	4.000000
5695	1.000000
5697	0.000000
5699	1.000000
5701	0.000000
5703	1.000000
5705	0.000000
5707	0.000000
5709	0.000000
5711	0.000000
5713	1.000000
5715	0.000000
5717	0.000000
5719	0.000000
5721	1.000000
5723	0.000000
5725	0.000000
5727	1.000000
5729	1.000000
5731	0.000000
5733	2.000000
5735	0.000000
5737	1.000000
5739	1.000000
5741	1.000000
5743	0.000000
5745	0.000000
5747	0.000000
5749	0.000000
5751	0.000000
5753	0.000000
5755	0.000000
5757	1.000000
5759	1.000000
5761	0.000000
5763	1.000000
5765	1.000000
5767	0.000000
5769	1.000000
5771	0.000000
5773	1.000000
5775	0.000000
5777	0.000000
5779	0.000000
5781	0.000000
5783	2.000000
5785	0.000000
5787	1.000000
5789	0.000000
5791	0.000000
5793	1.000000
5795	0.000000
5797	0.000000
5799	0.000000
5801	0.000000
5803	1.000000
5805	0.000000
5807	0.000000
5809	0.000000
5811	1.000000
5813	0.000000
5815	0.000000
5817	0.000000
5819	0.000000
5821	2.000000
5823	0.000000
5825	0.000000
5827	0.000000
5829	0.000000
5831	0.000000
5833	1.000000
5835	2.000000
5837	2.000000
5839	1.000000
5841	2.000000
5843	1.000000
5845	0.000000
5847	0.000000
5849	0.000000
5851	0.000000
5853	0.000000
5855	0.000000
5857	0.000000
5859	0.000000
5861	0.000000
5863	0.000000
5865	0.000000
5867	1.000000
5869	0.000000
5871	0.000000
5873	0.000000
5875	0.000000
5877	0.000000
5879	1.000000
5881	0.000000
5883	0.000000
5885	0.000000
5887	0.000000
5889	0.000000
5891	0.000000
5893	0.000000
5895	0.000000
5897	0.000000
5899	1.000000
5901	1.000000
5903	0.000000
5905	1.000000
5907	0.000000
5909	0.000000
5911	1.000000
5913	0.000000
5915	0.000000
5917	0.000000
5919	0.000000
5921	0.000000
5923	0.000000
5925	1.000000
5927	0.000000
5929	1.000000
5931	0.000000
5933	0.000000
5935	0.000000
5937	0.000000
5939	0.000000
5941	0.000000
5943	2.000000
5945	1.000000
5947	0.000000
5949	0.000000
5951	0.000000
5953	0.000000
5955	0.000000
5957	0.000000
5959	0.000000
5961	0.000000
5963	0.000000
5965	0.000000
5967	0.000000
5969	0.000000
5971	1.000000
5973	0.000000
5975	0.000000
5977	0.000000
5979	0.000000
5981	0.000000
5983	0.000000
5985	0.000000
5987	0.000000
5989	0.000000
5991	1.000000
5993	0.000000
5995	0.000000
5997	0.000000
5999	0.000000
6001	1.000000
6003	0.000000
6005	0.000000
6007	1.000000
6009	0.000000
6011	0.000000
6013	1.000000
6015	0.000000
6017	1.000000
6019	0.000000
6021	0.000000
6023	0.000000
6025	1.000000
6027	1.000000
6029	0.000000
6031	0.000000
6033	0.000000
6035	0.000000
6037	0.000000
6039	0.000000
6041	0.000000
6043	0.000000
6045	0.000000
6047	1.000000
6049	0.000000
6051	0.000000
6053	1.000000
6055	0.000000
6057	0.000000
6059	0.000000
6061	0.000000
6063	1.000000
6065	0.000000
6067	0.000000
6069	1.000000
6071	1.000000
6073	0.000000
6075	0.000000
6077	0.000000
6079	0.000000
6081	0.000000
6083	0.000000
6085	0.000000
6087	2.000000
6089	0.000000
6091	0.000000
6093	0.000000
6095	0.000000
6097	1.000000
6099	0.000000
6101	2.000000
6103	1.000000
6105	0.000000
6107	0.000000
6109	0.000000
6111	0.000000
6113	0.000000
6115	0.000000
6117	0.000000
6119	0.000000
6121	1.000000
6123	0.000000
6125	0.000000
6127	0.000000
6129	0.000000
6131	0.000000
6133	0.000000
6135	0.000000
6137	0.000000
6139	1.000000
6141	0.000000
6143	0.000000
6145	2.000000
6147	0.000000
6149	0.000000
6151	1.000000
6153	0.000000
6155	0.000000
6157	0.000000
6159	0.000000
6161	0.000000
6163	1.000000
6165	0.000000
6167	0.000000
6169	0.000000
6171	0.000000
6173	0.000000
6175	0.000000
6177	0.000000
6179	0.000000
6181	0.000000
6183	0.000000
6185	1.000000
6187	0.000000
6189	1.000000
6191	0.000000
6193	1.000000
6195	2.000000
6197	0.000000
6199	0.000000
6201	0.000000
6203	0.000000
6205	2.000000
6207	0.000000
6209	0.000000
6211	0.000000
6213	2.000000
6215	0.000000
6217	0.000000
6219	0.000000
6221	0.000000
6223	0.000000
6225	0.000000
6227	0.000000
6229	0.000000
6231	0.000000
6233	0.000000
6235	0.000000
6237	1.000000
6239	0.000000
6241	0.000000
6243	0.000000
6245	0.000000
6247	1.000000
6249	0.000000
6251	0.000000
6253	0.000000
6255	0.000000
6257	0.000000
6259	0.000000
6261	1.000000
6263	0.000000
6265	0.000000
6267	1.000000
6269	2.000000
6271	0.000000
6273	0.000000
6275	0.000000
6277	0.000000
6279	2.000000
6281	1.000000
6283	1.000000
6285	0.000000
6287	0.000000
6289	0.000000
6291	0.000000
6293	0.000000
6295	0.000000
6297	0.000000
6299	0.000000
6301	0.000000
6303	0.000000
6305	0.000000
6307	1.000000
6309	1.000000
6311	0.000000
6313	0.000000
6315	0.000000
6317	0.000000
6319	0.000000
6321	0.000000
6323	0.000000
6325	1.000000
6327	0.000000
6329	0.000000
6331	0.000000
6333	0.000000
6335	0.000000
6337	0.000000
6339	0.000000
6341	0.000000
6343	0.000000
6345	0.000000
6347	0.000000
6349	0.000000
6351	0.000000
6353	1.000000
6355	0.000000
6357	0.000000
6359	2.000000
6361	1.000000
6363	1.000000
6365	0.000000
6367	0.000000
6369	1.000000
6371	1.000000
6373	0.000000
6375	0.000000
6377	0.000000
6379	1.000000
6381	0.000000
6383	1.000000
6385	0.000000
6387	0.000000
6389	0.000000
6391	1.000000
6393	1.000000
6395	0.000000
6397	0.000000
6399	1.000000
6401	0.000000
6403	0.000000
6405	0.000000
6407	0.000000
6409	1.000000
6411	0.000000
6413	0.000000
6415	1.000000
6417	0.000000
6419	0.000000
6421	0.000000
6423	1.000000
6425	0.000000
6427	0.000000
6429	0.000000
6431	0.000000
6433	0.000000
6435	1.000000
6437	1.000000
6439	0.000000
6441	0.000000
6443	0.000000
6445	0.000000
6447	0.000000
6449	0.000000
6451	3.000000
6453	0.000000
6455	0.000000
6457	0.000000
6459	1.000000
6461	0.000000
6463	0.000000
6465	0.000000
6467	0.000000
6469	0.000000
6471	0.000000
6473	1.000000
6475	0.000000
6477	0.000000
6479	0.000000
6481	1.000000
6483	0.000000
6485	2.000000
6487	0.000000
6489	0.000000
6491	1.000000
6493	0.000000
6495	1.000000
6497	0.000000
6499	0.000000
6501	1.000000
6503	0.000000
6505	0.000000
6507	0.000000
6509	2.000000
6511	0.000000
6513	0.000000
6515	1.000000
6517	0.000000
6519	0.000000
6521	0.000000
6523	0.000000
6525	1.000000
6527	0.000000
6529	1.000000
6531	0.000000
6533	0.000000
6535	0.000000
6537	0.000000
6539	0.000000
6541	0.000000
6543	0.000000
6545	1.000000
6547	0.000000
6549	0.000000
6551	1.000000
6553	0.000000
6555	0.000000
6557	0.000000
6559	0.000000
6561	0.000000
6563	0.000000
6565	1.000000
6567	1.000000
6569	0.000000
6571	0.000000
6573	0.000000
6575	0.000000
6577	0.000000
6579	1.000000
6581	0.000000
6583	0.000000
6585	0.000000
6587	0.000000
6589	0.000000
6591	0.000000
6593	1.000000
6595	1.000000
6597	0.000000
6599	0.000000
6601	1.000000
6603	0.000000
6605	0.000000
6607	1.000000
6609	0.000000
6611	0.000000
6613	0.000000
6615	0.000000
6617	1.000000
6619	0.000000
6621	1.000000
6623	1.000000
6625	0.000000
6627	0.000000
6629	0.000000
6631	0.000000
6633	0.000000
6635	0.000000
6637	0.000000
6639	0.000000
6641	0.000000
6643	0.000000
6645	0.000000
6647	0.000000
6649	0.000000
6651	0.000000
6653	0.000000
6655	0.000000
6657	0.000000
6659	0.000000
6661	0.000000
6663	1.000000
6665	0.000000
6667	1.000000
6669	0.000000
6671	0.000000
6673	0.000000
6675	0.000000
6677	0.000000
6679	0.000000
6681	0.000000
6683	0.000000
6685	0.000000
6687	0.000000
6689	0.000000
6691	0.000000
6693	1.000000
6695	0.000000
6697	1.000000
6699	0.000000
6701	0.000000
6703	1.000000
6705	0.000000
6707	0.000000
6709	0.000000
6711	0.000000
6713	0.000000
6715	0.000000
6717	1.000000
6719	0.000000
6721	0.000000
6723	0.000000
6725	0.000000
6727	0.000000
6729	0.000000
6731	0.000000
6733	0.000000
6735	0.000000
6737	0.000000
6739	0.000000
6741	0.000000
6743	0.000000
6745	0.000000
6747	1.000000
6749	0.000000
6751	0.000000
6753	0.000000
6755	0.000000
6757	0.000000
6759	0.000000
6761	0.000000
6763	0.000000
6765	0.000000
6767	0.000000
6769	0.000000
6771	0.000000
6773	0.000000
6775	0.000000
6777	0.000000
6779	0.000000
6781	0.000000
6783	0.000000
6785	0.000000
6787	0.000000
6789	0.000000
6791	0.000000
6793	0.000000
6795	0.000000
6797	0.000000
6799	0.000000
6801	0.000000
6803	0.000000
6805	0.000000
6807	1.000000
6809	0.000000
6811	0.000000
6813	0.000000
6815	0.000000
6817	0.000000
6819	0.000000
6821	0.000000
6823	0.000000
6825	0.000000
6827	1.000000
6829	0.000000
6831	0.000000
6833	0.000000
6835	0.000000
6837	0.000000
6839	0.000000
6841	0.000000
6843	0.000000
6845	0.000000
6847	0.000000
6849	0.000000
6851	0.000000
6853	0.000000
6855	0.000000
6857	0.000000
6859	0.000000
6861	1.000000
6863	0.000000
6865	0.000000
6867	0.000000
6869	0.000000
6871	0.000000
6873	0.000000
6875	0.000000
6877	0.000000
6879	0.000000
6881	0.000000
6883	0.000000
6885	0.000000
6887	0.000000
6889	0.000000
6891	0.000000
6893	0.000000
6895	0.000000
6897	0.000000
6899	0.000000
6901	0.000000
6903	0.000000
6905	0.000000
6907	0.000000
6909	0.000000
6911	0.000000
6913	0.000000
6915	0.000000
6917	0.000000
6919	0.000000
6921	0.000000
6923	0.000000
6925	0.000000
6927	0.000000
6929	0.000000
6931	0.000000
6933	0.000000
6935	0.000000
6937	0.000000
6939	0.000000
6941	0.000000
6943	0.000000
6945	0.000000
6947	0.000000
6949	0.000000
6951	0.000000
6953	0.000000
6955	0.000000
6957	0.000000
6959	0.000000
6961	0.000000
6963	0.000000
6965	0.000000
6967	0.000000
6969	0.000000
6971	0.000000
6973	0.000000
6975	0.000000
6977	0.000000
6979	0.000000
6981	0.000000
6983	0.000000
6985	0.000000
6987	0.000000
6989	0.000000
6991	0.000000
6993	0.000000
6995	0.000000
6997	0.000000
6999	0.000000
